<?xml version="1.0" encoding="utf-8"?>
<COLLADA xmlns="http://www.collada.org/2005/11/COLLADASchema" version="1.4.1">
  <asset>
    <contributor>
      <author>Mixamo</author>
      <authoring_tool>COLLADA Mixamo exporter</authoring_tool>
      <comments/>
    </contributor>
    <created>2023-09-27T11:23:02Z</created>
    <modified>2023-09-27T11:23:02Z</modified>
    <revision/>
    <title/>
    <unit meter="0.010000"/>
    <up_axis>Y_UP</up_axis>
  </asset>
  <library_animations>
    <animation id="mixamorig_Hips-anim" name="mixamorig_Hips">
      <source id="mixamorig_Hips-Matrix-animation-input">
        <float_array id="mixamorig_Hips-Matrix-animation-input-array" count="59">

0.000000 0.033333 0.066667 0.100000 0.133333 0.166667 0.200000 0.233333 0.266667 0.300000 0.333333 0.366667 0.400000 0.433333 0.466667 0.500000
0.533333 0.566667 0.600000 0.633333 0.666667 0.700000 0.733333 0.766667 0.800000 0.833333 0.866667 0.900000 0.933333 0.966667 1.000000 1.033333
1.066667 1.100000 1.133333 1.166667 1.200000 1.233333 1.266667 1.300000 1.333333 1.366667 1.400000 1.433333 1.466667 1.500000 1.533333 1.566667
1.600000 1.633333 1.666667 1.700000 1.733333 1.766667 1.800000 1.833333 1.866667 1.900000 1.933333</float_array>
        <technique_common>
          <accessor source="#mixamorig_Hips-Matrix-animation-input-array" count="59">
            <param name="TIME" type="float"/>
          </accessor>
        </technique_common>
      </source>
      <source id="mixamorig_Hips-Matrix-animation-output-transform">
        <float_array id="mixamorig_Hips-Matrix-animation-output-transform-array" count="944">

0.729128 0.051290 -0.682453 -0.154647 0.002465 0.996984 0.077563 77.269699 0.684373 -0.058236 0.726803 -0.544731 0.000000 0.000000 0.000000 1.000000
0.728826 0.051537 -0.682757 -0.144574 0.002469 0.996959 0.077889 77.277428 0.684695 -0.058453 0.726482 -0.553604 0.000000 0.000000 0.000000 1.000000
0.728612 0.051750 -0.682969 -0.133425 0.002470 0.996937 0.078175 77.285530 0.684922 -0.058646 0.726252 -0.558758 0.000000 0.000000 0.000000 1.000000
0.728619 0.052104 -0.682935 -0.122557 0.002305 0.996910 0.078517 77.294647 0.684916 -0.058784 0.726247 -0.557608 0.000000 0.000000 0.000000 1.000000
0.728910 0.052484 -0.682595 -0.114155 0.002091 0.996882 0.078882 77.304993 0.684607 -0.058925 0.726527 -0.547998 0.000000 0.000000 0.000000 1.000000
0.729421 0.052885 -0.682018 -0.109520 0.001928 0.996844 0.079360 77.316208 0.684063 -0.059202 0.727017 -0.529526 0.000000 0.000000 0.000000 1.000000
0.729995 0.053299 -0.681371 -0.108281 0.001888 0.996793 0.079995 77.328720 0.683450 -0.059683 0.727554 -0.503521 0.000000 0.000000 0.000000 1.000000
0.730463 0.053720 -0.680836 -0.109091 0.001922 0.996736 0.080708 77.344482 0.682950 -0.060262 0.727975 -0.471565 0.000000 0.000000 0.000000 1.000000
0.730731 0.054030 -0.680524 -0.110523 0.001991 0.996690 0.081269 77.365082 0.682663 -0.060741 0.728204 -0.434448 0.000000 0.000000 0.000000 1.000000
0.730781 0.054214 -0.680456 -0.110835 0.002038 0.996663 0.081597 77.389351 0.682609 -0.061016 0.728232 -0.392671 0.000000 0.000000 0.000000 1.000000
0.730649 0.054358 -0.680586 -0.107460 0.002066 0.996645 0.081818 77.412941 0.682750 -0.061186 0.728086 -0.347846 0.000000 0.000000 0.000000 1.000000
0.730425 0.054594 -0.680807 -0.098513 0.002101 0.996616 0.082173 77.431007 0.682990 -0.061452 0.727838 -0.302729 0.000000 0.000000 0.000000 1.000000
0.730312 0.054944 -0.680901 -0.085431 0.002194 0.996566 0.082769 77.442093 0.683111 -0.061941 0.727683 -0.259673 0.000000 0.000000 0.000000 1.000000
0.730537 0.055353 -0.680626 -0.073243 0.002332 0.996501 0.083545 77.449860 0.682869 -0.062620 0.727852 -0.218883 0.000000 0.000000 0.000000 1.000000
0.731108 0.055829 -0.679974 -0.066613 0.002387 0.996431 0.084378 77.461060 0.682258 -0.063313 0.728365 -0.179440 0.000000 0.000000 0.000000 1.000000
0.731706 0.056281 -0.679293 -0.065862 0.002313 0.996375 0.085044 77.480431 0.681617 -0.063798 0.728923 -0.141409 0.000000 0.000000 0.000000 1.000000
0.731920 0.056655 -0.679031 -0.067244 0.002108 0.996344 0.085402 77.507263 0.681387 -0.063939 0.729125 -0.106083 0.000000 0.000000 0.000000 1.000000
0.731633 0.056909 -0.679319 -0.067108 0.001857 0.996339 0.085467 77.536369 0.681696 -0.063792 0.728849 -0.074116 0.000000 0.000000 0.000000 1.000000
0.731108 0.057094 -0.679869 -0.064906 0.001634 0.996343 0.085428 77.562004 0.682260 -0.063568 0.728341 -0.044256 0.000000 0.000000 0.000000 1.000000
0.730724 0.057276 -0.680266 -0.062465 0.001479 0.996339 0.085477 77.581161 0.682671 -0.063467 0.727964 -0.013828 0.000000 0.000000 0.000000 1.000000
0.730665 0.057384 -0.680320 -0.061675 0.001443 0.996329 0.085589 77.594559 0.682735 -0.063519 0.727900 0.019667 0.000000 0.000000 0.000000 1.000000
0.730865 0.057494 -0.680096 -0.063183 0.001454 0.996312 0.085789 77.605339 0.682520 -0.063689 0.728086 0.057083 0.000000 0.000000 0.000000 1.000000
0.731157 0.057575 -0.679776 -0.066536 0.001497 0.996295 0.085994 77.616219 0.682208 -0.063893 0.728361 0.097156 0.000000 0.000000 0.000000 1.000000
0.731401 0.057553 -0.679514 -0.070834 0.001607 0.996284 0.086113 77.627754 0.681945 -0.064075 0.728591 0.136921 0.000000 0.000000 0.000000 1.000000
0.731492 0.057487 -0.679422 -0.075064 0.001720 0.996281 0.086148 77.638351 0.681848 -0.064186 0.728672 0.172573 0.000000 0.000000 0.000000 1.000000
0.731407 0.057366 -0.679524 -0.078620 0.001819 0.996288 0.086065 77.646400 0.681939 -0.064184 0.728588 0.200382 0.000000 0.000000 0.000000 1.000000
0.731166 0.057253 -0.679793 -0.081797 0.001837 0.996303 0.085886 77.651848 0.682197 -0.064045 0.728358 0.218265 0.000000 0.000000 0.000000 1.000000
0.730906 0.057098 -0.680086 -0.085579 0.001810 0.996328 0.085594 77.655769 0.682476 -0.063792 0.728119 0.226629 0.000000 0.000000 0.000000 1.000000
0.730723 0.056965 -0.680293 -0.090184 0.001717 0.996356 0.085275 77.658028 0.682672 -0.063481 0.727962 0.227115 0.000000 0.000000 0.000000 1.000000
0.730606 0.056878 -0.680427 -0.094626 0.001593 0.996380 0.085000 77.655640 0.682798 -0.063185 0.727870 0.220757 0.000000 0.000000 0.000000 1.000000
0.730536 0.056781 -0.680509 -0.097646 0.001533 0.996398 0.084783 77.644981 0.682872 -0.062980 0.727818 0.207556 0.000000 0.000000 0.000000 1.000000
0.730566 0.056748 -0.680480 -0.099094 0.001513 0.996404 0.084718 77.625671 0.682841 -0.062922 0.727852 0.187769 0.000000 0.000000 0.000000 1.000000
0.730771 0.056780 -0.680257 -0.100339 0.001491 0.996399 0.084770 77.602600 0.682621 -0.062962 0.728055 0.162761 0.000000 0.000000 0.000000 1.000000
0.731105 0.056862 -0.679892 -0.103329 0.001421 0.996392 0.084860 77.583572 0.682264 -0.063007 0.728386 0.134585 0.000000 0.000000 0.000000 1.000000
0.731379 0.056913 -0.679592 -0.108879 0.001306 0.996393 0.084850 77.574005 0.681970 -0.062945 0.728666 0.105039 0.000000 0.000000 0.000000 1.000000
0.731384 0.056694 -0.679606 -0.115362 0.001281 0.996422 0.084502 77.572571 0.681965 -0.062674 0.728694 0.074311 0.000000 0.000000 0.000000 1.000000
0.731078 0.056353 -0.679962 -0.119868 0.001298 0.996467 0.083979 77.571564 0.682292 -0.062277 0.728422 0.041360 0.000000 0.000000 0.000000 1.000000
0.730669 0.056050 -0.680427 -0.121163 0.001334 0.996505 0.083519 77.561935 0.682731 -0.061932 0.728041 0.005796 0.000000 0.000000 0.000000 1.000000
0.730461 0.055848 -0.680667 -0.121239 0.001397 0.996527 0.083264 77.540390 0.682953 -0.061772 0.727846 -0.030420 0.000000 0.000000 0.000000 1.000000
0.730582 0.055727 -0.680547 -0.123173 0.001464 0.996534 0.083174 77.511604 0.682823 -0.061762 0.727968 -0.064021 0.000000 0.000000 0.000000 1.000000
0.730863 0.055586 -0.680257 -0.128437 0.001557 0.996540 0.083103 77.484512 0.682522 -0.061796 0.728248 -0.093250 0.000000 0.000000 0.000000 1.000000
0.730998 0.055381 -0.680129 -0.136154 0.001679 0.996552 0.082951 77.465347 0.682378 -0.061779 0.728385 -0.119332 0.000000 0.000000 0.000000 1.000000
0.730807 0.055068 -0.680360 -0.144729 0.001823 0.996579 0.082621 77.454025 0.682582 -0.061620 0.728206 -0.145586 0.000000 0.000000 0.000000 1.000000
0.730352 0.054741 -0.680874 -0.152593 0.001964 0.996611 0.082232 77.445374 0.683068 -0.061395 0.727769 -0.175495 0.000000 0.000000 0.000000 1.000000
0.729846 0.054437 -0.681441 -0.158711 0.002088 0.996642 0.081853 77.433731 0.683609 -0.061163 0.727282 -0.211143 0.000000 0.000000 0.000000 1.000000
0.729489 0.054222 -0.681840 -0.162879 0.002133 0.996668 0.081540 77.416771 0.683989 -0.060937 0.726943 -0.252173 0.000000 0.000000 0.000000 1.000000
0.729363 0.054010 -0.681992 -0.165988 0.002145 0.996693 0.081226 77.396255 0.684124 -0.060706 0.726835 -0.296245 0.000000 0.000000 0.000000 1.000000
0.729438 0.053774 -0.681930 -0.169102 0.002145 0.996721 0.080892 77.376022 0.684043 -0.060468 0.726931 -0.340184 0.000000 0.000000 0.000000 1.000000
0.729630 0.053510 -0.681745 -0.172328 0.002158 0.996749 0.080545 77.359360 0.683839 -0.060239 0.727142 -0.381317 0.000000 0.000000 0.000000 1.000000
0.729828 0.053218 -0.681556 -0.174225 0.002207 0.996777 0.080195 77.346527 0.683627 -0.060033 0.727358 -0.417558 0.000000 0.000000 0.000000 1.000000
0.729909 0.052841 -0.681499 -0.173228 0.002343 0.996808 0.079798 77.335281 0.683541 -0.059842 0.727455 -0.447235 0.000000 0.000000 0.000000 1.000000
0.729795 0.052485 -0.681648 -0.169184 0.002486 0.996839 0.079415 77.323227 0.683661 -0.059651 0.727357 -0.469372 0.000000 0.000000 0.000000 1.000000
0.729516 0.052339 -0.681958 -0.163720 0.002491 0.996858 0.079172 77.310234 0.683959 -0.059456 0.727093 -0.484650 0.000000 0.000000 0.000000 1.000000
0.729189 0.052218 -0.682317 -0.159013 0.002495 0.996875 0.078957 77.297813 0.684307 -0.059277 0.726780 -0.495523 0.000000 0.000000 0.000000 1.000000
0.728944 0.052103 -0.682588 -0.156275 0.002498 0.996890 0.078762 77.287689 0.684569 -0.059118 0.726547 -0.504741 0.000000 0.000000 0.000000 1.000000
0.728873 0.051959 -0.682675 -0.155603 0.002500 0.996908 0.078544 77.280380 0.684645 -0.058955 0.726489 -0.514034 0.000000 0.000000 0.000000 1.000000
0.728943 0.051751 -0.682615 -0.156138 0.002504 0.996930 0.078253 77.275642 0.684569 -0.058751 0.726576 -0.524031 0.000000 0.000000 0.000000 1.000000
0.729079 0.051490 -0.682490 -0.156234 0.002507 0.996959 0.077893 77.272461 0.684425 -0.058501 0.726732 -0.534556 0.000000 0.000000 0.000000 1.000000
0.729108 0.051234 -0.682478 -0.154677 0.002510 0.996987 0.077525 77.269775 0.684394 -0.058237 0.726783 -0.544925 0.000000 0.000000 0.000000 1.000000</float_array>
        <technique_common>
          <accessor source="#mixamorig_Hips-Matrix-animation-output-transform-array" count="59" stride="16">
            <param type="float4x4"/>
          </accessor>
        </technique_common>
      </source>
      <source id="mixamorig_Hips-Interpolations">
        <Name_array id="mixamorig_Hips-Interpolations-array" count="59">
 LINEAR LINEAR LINEAR LINEAR LINEAR LINEAR LINEAR LINEAR LINEAR LINEAR LINEAR
LINEAR LINEAR LINEAR LINEAR LINEAR LINEAR LINEAR LINEAR LINEAR LINEAR LINEAR LINEAR
LINEAR LINEAR LINEAR LINEAR LINEAR LINEAR LINEAR LINEAR LINEAR LINEAR LINEAR LINEAR
LINEAR LINEAR LINEAR LINEAR LINEAR LINEAR LINEAR LINEAR LINEAR LINEAR LINEAR LINEAR
LINEAR LINEAR LINEAR LINEAR LINEAR LINEAR LINEAR LINEAR LINEAR LINEAR LINEAR LINEAR</Name_array>
        <technique_common>
          <accessor source="#mixamorig_Hips-Interpolations-array" count="59">
            <param type="name"/>
          </accessor>
        </technique_common>
      </source>
      <sampler id="mixamorig_Hips-Matrix-animation-transform">
        <input semantic="INPUT" source="#mixamorig_Hips-Matrix-animation-input"/>
        <input semantic="OUTPUT" source="#mixamorig_Hips-Matrix-animation-output-transform"/>
        <input semantic="INTERPOLATION" source="#mixamorig_Hips-Interpolations"/>
      </sampler>
      <channel source="#mixamorig_Hips-Matrix-animation-transform" target="mixamorig_Hips/matrix"/>
    </animation>
    <animation id="mixamorig_Spine-anim" name="mixamorig_Spine">
      <source id="mixamorig_Spine-Matrix-animation-input">
        <float_array id="mixamorig_Spine-Matrix-animation-input-array" count="59">

0.000000 0.033333 0.066667 0.100000 0.133333 0.166667 0.200000 0.233333 0.266667 0.300000 0.333333 0.366667 0.400000 0.433333 0.466667 0.500000
0.533333 0.566667 0.600000 0.633333 0.666667 0.700000 0.733333 0.766667 0.800000 0.833333 0.866667 0.900000 0.933333 0.966667 1.000000 1.033333
1.066667 1.100000 1.133333 1.166667 1.200000 1.233333 1.266667 1.300000 1.333333 1.366667 1.400000 1.433333 1.466667 1.500000 1.533333 1.566667
1.600000 1.633333 1.666667 1.700000 1.733333 1.766667 1.800000 1.833333 1.866667 1.900000 1.933333</float_array>
        <technique_common>
          <accessor source="#mixamorig_Spine-Matrix-animation-input-array" count="59">
            <param name="TIME" type="float"/>
          </accessor>
        </technique_common>
      </source>
      <source id="mixamorig_Spine-Matrix-animation-output-transform">
        <float_array id="mixamorig_Spine-Matrix-animation-output-transform-array" count="944">

0.996486 0.023283 0.080455 0.000000 -0.013350 0.992458 -0.121854 7.722000 -0.082686 0.120352 0.989282 1.166200 0.000000 0.000000 0.000000 1.000000
0.996486 0.023274 0.080457 -0.000000 -0.013346 0.992465 -0.121802 7.722000 -0.082686 0.120301 0.989288 1.166200 0.000000 0.000000 0.000000 1.000000
0.996487 0.023245 0.080463 0.000000 -0.013325 0.992478 -0.121693 7.722000 -0.082686 0.120193 0.989301 1.166200 0.000000 0.000000 0.000000 1.000000
0.996492 0.023172 0.080420 0.000000 -0.013272 0.992500 -0.121523 7.722000 -0.082633 0.120029 0.989325 1.166200 0.000000 0.000000 0.000000 1.000000
0.996503 0.023056 0.080309 -0.000000 -0.013190 0.992530 -0.121290 7.722000 -0.082506 0.119806 0.989363 1.166200 0.000000 0.000000 0.000000 1.000000
0.996528 0.022859 0.080060 0.000000 -0.013047 0.992566 -0.121003 7.722000 -0.082231 0.119538 0.989418 1.166200 0.000000 0.000000 0.000000 1.000000
0.996552 0.022667 0.079810 0.000000 -0.012912 0.992608 -0.120678 7.722000 -0.081956 0.119231 0.989478 1.166200 0.000000 0.000000 0.000000 1.000000
0.996567 0.022510 0.079677 0.000000 -0.012803 0.992655 -0.120304 7.722000 -0.081800 0.118871 0.989534 1.166200 0.000000 0.000000 0.000000 1.000000
0.996570 0.022384 0.079665 0.000000 -0.012714 0.992708 -0.119872 7.722000 -0.081767 0.118448 0.989588 1.166200 0.000000 0.000000 0.000000 1.000000
0.996567 0.022277 0.079738 0.000000 -0.012641 0.992769 -0.119371 7.722000 -0.081821 0.117953 0.989643 1.166200 0.000000 0.000000 0.000000 1.000000
0.996560 0.022176 0.079854 0.000000 -0.012570 0.992833 -0.118848 7.722000 -0.081917 0.117436 0.989696 1.166200 0.000000 0.000000 0.000000 1.000000
0.996552 0.022069 0.079979 -0.000000 -0.012489 0.992892 -0.118362 7.722000 -0.082023 0.116956 0.989744 1.166200 0.000000 0.000000 0.000000 1.000000
0.996549 0.021937 0.080054 0.000000 -0.012385 0.992945 -0.117929 7.722000 -0.082076 0.116531 0.989790 1.166200 0.000000 0.000000 0.000000 1.000000
0.996556 0.021769 0.080013 -0.000000 -0.012256 0.992995 -0.117523 7.722000 -0.082011 0.116137 0.989842 1.166200 0.000000 0.000000 0.000000 1.000000
0.996573 0.021561 0.079855 -0.000000 -0.012101 0.993046 -0.117101 7.722000 -0.081824 0.115733 0.989904 1.166200 0.000000 0.000000 0.000000 1.000000
0.996589 0.021349 0.079717 -0.000000 -0.011945 0.993103 -0.116636 7.722000 -0.081657 0.115286 0.989970 1.166200 0.000000 0.000000 0.000000 1.000000
0.996594 0.021161 0.079702 0.000000 -0.011799 0.993162 -0.116143 7.722000 -0.081614 0.114807 0.990030 1.166200 0.000000 0.000000 0.000000 1.000000
0.996589 0.021023 0.079803 0.000000 -0.011691 0.993221 -0.115656 7.722000 -0.081693 0.114328 0.990078 1.166200 0.000000 0.000000 0.000000 1.000000
0.996581 0.020915 0.079928 -0.000000 -0.011606 0.993274 -0.115205 7.722000 -0.081800 0.113884 0.990121 1.166200 0.000000 0.000000 0.000000 1.000000
0.996578 0.020807 0.079996 -0.000000 -0.011522 0.993320 -0.114820 7.722000 -0.081851 0.113505 0.990160 1.166200 0.000000 0.000000 0.000000 1.000000
0.996581 0.020693 0.079982 0.000000 -0.011439 0.993361 -0.114466 7.722000 -0.081820 0.113160 0.990202 1.166200 0.000000 0.000000 0.000000 1.000000
0.996588 0.020591 0.079924 0.000000 -0.011372 0.993400 -0.114132 7.722000 -0.081747 0.112834 0.990245 1.166200 0.000000 0.000000 0.000000 1.000000
0.996593 0.020508 0.079881 0.000000 -0.011322 0.993439 -0.113802 7.722000 -0.081691 0.112510 0.990287 1.166200 0.000000 0.000000 0.000000 1.000000
0.996595 0.020448 0.079877 0.000000 -0.011286 0.993473 -0.113504 7.722000 -0.081677 0.112216 0.990321 1.166200 0.000000 0.000000 0.000000 1.000000
0.996594 0.020408 0.079899 -0.000000 -0.011264 0.993501 -0.113265 7.722000 -0.081691 0.111979 0.990347 1.166200 0.000000 0.000000 0.000000 1.000000
0.996591 0.020398 0.079941 0.000000 -0.011262 0.993518 -0.113116 7.722000 -0.081730 0.111830 0.990361 1.166200 0.000000 0.000000 0.000000 1.000000
0.996587 0.020429 0.079983 0.000000 -0.011290 0.993520 -0.113092 7.722000 -0.081775 0.111803 0.990360 1.166200 0.000000 0.000000 0.000000 1.000000
0.996583 0.020502 0.080016 -0.000000 -0.011349 0.993506 -0.113214 7.722000 -0.081817 0.111919 0.990343 1.166200 0.000000 0.000000 0.000000 1.000000
0.996579 0.020594 0.080044 -0.000000 -0.011419 0.993479 -0.113440 7.722000 -0.081858 0.112138 0.990315 1.166200 0.000000 0.000000 0.000000 1.000000
0.996574 0.020696 0.080075 -0.000000 -0.011495 0.993448 -0.113705 7.722000 -0.081904 0.112395 0.990282 1.166200 0.000000 0.000000 0.000000 1.000000
0.996570 0.020793 0.080102 -0.000000 -0.011565 0.993414 -0.113992 7.722000 -0.081944 0.112675 0.990247 1.166200 0.000000 0.000000 0.000000 1.000000
0.996569 0.020880 0.080090 0.000000 -0.011623 0.993372 -0.114354 7.722000 -0.081947 0.113030 0.990206 1.166200 0.000000 0.000000 0.000000 1.000000
0.996572 0.020956 0.080033 -0.000000 -0.011668 0.993321 -0.114792 7.722000 -0.081904 0.113465 0.990160 1.166200 0.000000 0.000000 0.000000 1.000000
0.996576 0.021027 0.079966 0.000000 -0.011711 0.993270 -0.115224 7.722000 -0.081851 0.113893 0.990116 1.166200 0.000000 0.000000 0.000000 1.000000
0.996576 0.021109 0.079938 0.000000 -0.011766 0.993226 -0.115604 7.722000 -0.081837 0.114267 0.990074 1.166200 0.000000 0.000000 0.000000 1.000000
0.996571 0.021219 0.079974 -0.000000 -0.011843 0.993186 -0.115934 7.722000 -0.081889 0.114589 0.990032 1.166200 0.000000 0.000000 0.000000 1.000000
0.996563 0.021347 0.080043 -0.000000 -0.011937 0.993148 -0.116253 7.722000 -0.081976 0.114898 0.989989 1.166200 0.000000 0.000000 0.000000 1.000000
0.996557 0.021471 0.080087 -0.000000 -0.012027 0.993106 -0.116597 7.722000 -0.082038 0.115233 0.989945 1.166200 0.000000 0.000000 0.000000 1.000000
0.996556 0.021557 0.080075 0.000000 -0.012081 0.993059 -0.116994 7.722000 -0.082041 0.115624 0.989899 1.166200 0.000000 0.000000 0.000000 1.000000
0.996559 0.021609 0.080021 0.000000 -0.012106 0.993012 -0.117391 7.722000 -0.081999 0.116018 0.989857 1.166200 0.000000 0.000000 0.000000 1.000000
0.996561 0.021689 0.079968 0.000000 -0.012163 0.992970 -0.117739 7.722000 -0.081959 0.116361 0.989820 1.166200 0.000000 0.000000 0.000000 1.000000
0.996559 0.021795 0.079966 0.000000 -0.012245 0.992935 -0.118022 7.722000 -0.081973 0.116637 0.989786 1.166200 0.000000 0.000000 0.000000 1.000000
0.996552 0.021926 0.080023 -0.000000 -0.012348 0.992904 -0.118278 7.722000 -0.082049 0.116882 0.989751 1.166200 0.000000 0.000000 0.000000 1.000000
0.996541 0.022072 0.080120 0.000000 -0.012460 0.992870 -0.118551 7.722000 -0.082166 0.117142 0.989710 1.166200 0.000000 0.000000 0.000000 1.000000
0.996528 0.022231 0.080234 -0.000000 -0.012579 0.992832 -0.118856 7.722000 -0.082301 0.117434 0.989664 1.166200 0.000000 0.000000 0.000000 1.000000
0.996517 0.022373 0.080335 0.000000 -0.012681 0.992791 -0.119182 7.722000 -0.082423 0.117748 0.989617 1.166200 0.000000 0.000000 0.000000 1.000000
0.996510 0.022493 0.080380 0.000000 -0.012768 0.992751 -0.119509 7.722000 -0.082486 0.118066 0.989574 1.166200 0.000000 0.000000 0.000000 1.000000
0.996507 0.022600 0.080396 0.000000 -0.012846 0.992711 -0.119830 7.722000 -0.082518 0.118379 0.989534 1.166200 0.000000 0.000000 0.000000 1.000000
0.996505 0.022695 0.080394 0.000000 -0.012915 0.992673 -0.120137 7.722000 -0.082532 0.118679 0.989497 1.166200 0.000000 0.000000 0.000000 1.000000
0.996503 0.022780 0.080387 0.000000 -0.012977 0.992638 -0.120424 7.722000 -0.082538 0.118960 0.989462 1.166200 0.000000 0.000000 0.000000 1.000000
0.996502 0.022859 0.080385 -0.000000 -0.013034 0.992605 -0.120690 7.722000 -0.082550 0.119220 0.989430 1.166200 0.000000 0.000000 0.000000 1.000000
0.996499 0.022930 0.080405 0.000000 -0.013082 0.992575 -0.120932 7.722000 -0.082581 0.119457 0.989399 1.166200 0.000000 0.000000 0.000000 1.000000
0.996494 0.022970 0.080453 -0.000000 -0.013099 0.992549 -0.121138 7.722000 -0.082636 0.119659 0.989370 1.166200 0.000000 0.000000 0.000000 1.000000
0.996489 0.023000 0.080499 -0.000000 -0.013108 0.992527 -0.121318 7.722000 -0.082687 0.119837 0.989344 1.166200 0.000000 0.000000 0.000000 1.000000
0.996487 0.023038 0.080523 -0.000000 -0.013129 0.992507 -0.121478 7.722000 -0.082718 0.119994 0.989323 1.166200 0.000000 0.000000 0.000000 1.000000
0.996486 0.023083 0.080513 -0.000000 -0.013164 0.992489 -0.121621 7.722000 -0.082716 0.120134 0.989306 1.166200 0.000000 0.000000 0.000000 1.000000
0.996486 0.023131 0.080502 0.000000 -0.013203 0.992475 -0.121735 7.722000 -0.082712 0.120244 0.989293 1.166200 0.000000 0.000000 0.000000 1.000000
0.996486 0.023164 0.080495 0.000000 -0.013229 0.992462 -0.121833 7.722000 -0.082710 0.120340 0.989281 1.166200 0.000000 0.000000 0.000000 1.000000
0.996486 0.023187 0.080491 0.000000 -0.013246 0.992452 -0.121913 7.722000 -0.082710 0.120418 0.989272 1.166200 0.000000 0.000000 0.000000 1.000000</float_array>
        <technique_common>
          <accessor source="#mixamorig_Spine-Matrix-animation-output-transform-array" count="59" stride="16">
            <param type="float4x4"/>
          </accessor>
        </technique_common>
      </source>
      <source id="mixamorig_Spine-Interpolations">
        <Name_array id="mixamorig_Spine-Interpolations-array" count="59">
 LINEAR LINEAR LINEAR LINEAR LINEAR LINEAR LINEAR LINEAR LINEAR LINEAR LINEAR
LINEAR LINEAR LINEAR LINEAR LINEAR LINEAR LINEAR LINEAR LINEAR LINEAR LINEAR LINEAR
LINEAR LINEAR LINEAR LINEAR LINEAR LINEAR LINEAR LINEAR LINEAR LINEAR LINEAR LINEAR
LINEAR LINEAR LINEAR LINEAR LINEAR LINEAR LINEAR LINEAR LINEAR LINEAR LINEAR LINEAR
LINEAR LINEAR LINEAR LINEAR LINEAR LINEAR LINEAR LINEAR LINEAR LINEAR LINEAR LINEAR</Name_array>
        <technique_common>
          <accessor source="#mixamorig_Spine-Interpolations-array" count="59">
            <param type="name"/>
          </accessor>
        </technique_common>
      </source>
      <sampler id="mixamorig_Spine-Matrix-animation-transform">
        <input semantic="INPUT" source="#mixamorig_Spine-Matrix-animation-input"/>
        <input semantic="OUTPUT" source="#mixamorig_Spine-Matrix-animation-output-transform"/>
        <input semantic="INTERPOLATION" source="#mixamorig_Spine-Interpolations"/>
      </sampler>
      <channel source="#mixamorig_Spine-Matrix-animation-transform" target="mixamorig_Spine/matrix"/>
    </animation>
    <animation id="mixamorig_Spine1-anim" name="mixamorig_Spine1">
      <source id="mixamorig_Spine1-Matrix-animation-input">
        <float_array id="mixamorig_Spine1-Matrix-animation-input-array" count="59">

0.000000 0.033333 0.066667 0.100000 0.133333 0.166667 0.200000 0.233333 0.266667 0.300000 0.333333 0.366667 0.400000 0.433333 0.466667 0.500000
0.533333 0.566667 0.600000 0.633333 0.666667 0.700000 0.733333 0.766667 0.800000 0.833333 0.866667 0.900000 0.933333 0.966667 1.000000 1.033333
1.066667 1.100000 1.133333 1.166667 1.200000 1.233333 1.266667 1.300000 1.333333 1.366667 1.400000 1.433333 1.466667 1.500000 1.533333 1.566667
1.600000 1.633333 1.666667 1.700000 1.733333 1.766667 1.800000 1.833333 1.866667 1.900000 1.933333</float_array>
        <technique_common>
          <accessor source="#mixamorig_Spine1-Matrix-animation-input-array" count="59">
            <param name="TIME" type="float"/>
          </accessor>
        </technique_common>
      </source>
      <source id="mixamorig_Spine1-Matrix-animation-output-transform">
        <float_array id="mixamorig_Spine1-Matrix-animation-output-transform-array" count="944">

0.986184 0.046349 0.159037 0.000000 -0.023876 0.989805 -0.140412 12.026700 -0.163924 0.134675 0.977237 0.000000 0.000000 0.000000 0.000000 1.000000
0.986184 0.046319 0.159044 0.000000 -0.023862 0.989820 -0.140308 12.026700 -0.163924 0.134574 0.977251 0.000000 0.000000 0.000000 0.000000 1.000000
0.986185 0.046249 0.159059 0.000000 -0.023827 0.989852 -0.140088 12.026700 -0.163924 0.134362 0.977280 0.000000 0.000000 0.000000 0.000000 1.000000
0.986205 0.046108 0.158980 -0.000000 -0.023753 0.989903 -0.139745 12.026700 -0.163818 0.134041 0.977342 -0.000000 0.000000 0.000000 0.000000 1.000000
0.986249 0.045888 0.158767 -0.000000 -0.023640 0.989971 -0.139276 12.026700 -0.163566 0.133608 0.977443 -0.000000 0.000000 0.000000 0.000000 1.000000
0.986345 0.045507 0.158282 0.000000 -0.023422 0.990059 -0.138691 12.026700 -0.163019 0.133090 0.977605 0.000000 0.000000 0.000000 0.000000 1.000000
0.986440 0.045128 0.157796 0.000000 -0.023218 0.990156 -0.138032 12.026700 -0.162472 0.132497 0.977777 0.000000 0.000000 0.000000 0.000000 1.000000
0.986494 0.044809 0.157546 -0.000000 -0.023057 0.990264 -0.137278 12.026700 -0.162164 0.131792 0.977923 0.000000 0.000000 0.000000 0.000000 1.000000
0.986508 0.044543 0.157536 -0.000000 -0.022935 0.990387 -0.136412 12.026700 -0.162098 0.130959 0.978046 0.000000 0.000000 0.000000 0.000000 1.000000
0.986492 0.044313 0.157700 -0.000000 -0.022847 0.990526 -0.135412 12.026700 -0.162207 0.129979 0.978159 -0.000000 0.000000 0.000000 0.000000 1.000000
0.986462 0.044092 0.157948 -0.000000 -0.022766 0.990670 -0.134369 12.026700 -0.162399 0.128954 0.978262 0.000000 0.000000 0.000000 0.000000 1.000000
0.986430 0.043859 0.158213 0.000000 -0.022658 0.990803 -0.133398 12.026700 -0.162609 0.128003 0.978352 0.000000 0.000000 0.000000 0.000000 1.000000
0.986417 0.043577 0.158374 0.000000 -0.022497 0.990924 -0.132529 12.026700 -0.162712 0.127166 0.978444 0.000000 0.000000 0.000000 0.000000 1.000000
0.986444 0.043223 0.158305 0.000000 -0.022288 0.991038 -0.131709 12.026700 -0.162579 0.126395 0.978566 0.000000 0.000000 0.000000 0.000000 1.000000
0.986510 0.042802 0.158004 0.000000 -0.022045 0.991156 -0.130855 12.026700 -0.162207 0.125607 0.978730 0.000000 0.000000 0.000000 0.000000 1.000000
0.986570 0.042384 0.157744 0.000000 -0.021814 0.991285 -0.129918 12.026700 -0.161875 0.124733 0.978896 0.000000 0.000000 0.000000 0.000000 1.000000
0.986588 0.042014 0.157730 0.000000 -0.021607 0.991418 -0.128928 12.026700 -0.161793 0.123791 0.979030 0.000000 0.000000 0.000000 0.000000 1.000000
0.986565 0.041742 0.157946 -0.000000 -0.021468 0.991548 -0.127954 12.026700 -0.161952 0.122844 0.979122 -0.000000 0.000000 0.000000 0.000000 1.000000
0.986532 0.041525 0.158212 0.000000 -0.021365 0.991666 -0.127055 12.026700 -0.162169 0.121963 0.979197 0.000000 0.000000 0.000000 0.000000 1.000000
0.986517 0.041308 0.158359 0.000000 -0.021256 0.991766 -0.126284 12.026700 -0.162272 0.121216 0.979273 -0.000000 0.000000 0.000000 0.000000 1.000000
0.986530 0.041077 0.158342 0.000000 -0.021144 0.991859 -0.125575 12.026700 -0.162211 0.120535 0.979367 -0.000000 0.000000 0.000000 0.000000 1.000000
0.986555 0.040874 0.158239 -0.000000 -0.021063 0.991945 -0.124906 12.026700 -0.162069 0.119893 0.979469 0.000000 0.000000 0.000000 0.000000 1.000000
0.986573 0.040707 0.158163 0.000000 -0.021014 0.992029 -0.124246 12.026700 -0.161960 0.119254 0.979565 0.000000 0.000000 0.000000 0.000000 1.000000
0.986578 0.040581 0.158167 0.000000 -0.020985 0.992104 -0.123648 12.026700 -0.161936 0.118670 0.979640 0.000000 0.000000 0.000000 0.000000 1.000000
0.986573 0.040495 0.158219 0.000000 -0.020971 0.992164 -0.123172 12.026700 -0.161967 0.118201 0.979691 0.000000 0.000000 0.000000 0.000000 1.000000
0.986560 0.040472 0.158307 -0.000000 -0.020986 0.992200 -0.122876 12.026700 -0.162045 0.117903 0.979714 -0.000000 0.000000 0.000000 0.000000 1.000000
0.986544 0.040536 0.158394 -0.000000 -0.021047 0.992204 -0.122833 12.026700 -0.162138 0.117847 0.979706 0.000000 0.000000 0.000000 0.000000 1.000000
0.986527 0.040695 0.158459 -0.000000 -0.021158 0.992171 -0.123083 12.026700 -0.162227 0.118072 0.979664 -0.000000 0.000000 0.000000 0.000000 1.000000
0.986509 0.040903 0.158512 0.000000 -0.021285 0.992111 -0.123539 12.026700 -0.162315 0.118499 0.979598 -0.000000 0.000000 0.000000 0.000000 1.000000
0.986491 0.041131 0.158570 0.000000 -0.021419 0.992042 -0.124075 12.026700 -0.162411 0.119003 0.979521 0.000000 0.000000 0.000000 0.000000 1.000000
0.986475 0.041340 0.158613 -0.000000 -0.021527 0.991967 -0.124654 12.026700 -0.162492 0.119553 0.979440 -0.000000 0.000000 0.000000 0.000000 1.000000
0.986473 0.041529 0.158576 -0.000000 -0.021602 0.991874 -0.125378 12.026700 -0.162495 0.120256 0.979354 0.000000 0.000000 0.000000 0.000000 1.000000
0.986486 0.041699 0.158450 0.000000 -0.021643 0.991762 -0.126254 12.026700 -0.162409 0.121119 0.979262 0.000000 0.000000 0.000000 0.000000 1.000000
0.986503 0.041866 0.158303 0.000000 -0.021686 0.991651 -0.127117 12.026700 -0.162303 0.121968 0.979174 0.000000 0.000000 0.000000 0.000000 1.000000
0.986505 0.042055 0.158236 0.000000 -0.021758 0.991551 -0.127876 12.026700 -0.162277 0.122708 0.979086 -0.000000 0.000000 0.000000 0.000000 1.000000
0.986486 0.042283 0.158298 0.000000 -0.021870 0.991463 -0.128540 12.026700 -0.162382 0.123341 0.978989 -0.000000 0.000000 0.000000 0.000000 1.000000
0.986454 0.042540 0.158428 -0.000000 -0.022005 0.991377 -0.129183 12.026700 -0.162557 0.123947 0.978883 0.000000 0.000000 0.000000 0.000000 1.000000
0.986431 0.042785 0.158503 0.000000 -0.022127 0.991284 -0.129874 12.026700 -0.162678 0.124605 0.978780 0.000000 0.000000 0.000000 0.000000 1.000000
0.986430 0.042958 0.158463 -0.000000 -0.022174 0.991178 -0.130666 12.026700 -0.162679 0.125379 0.978681 0.000000 0.000000 0.000000 0.000000 1.000000
0.986445 0.043066 0.158340 0.000000 -0.022167 0.991074 -0.131455 12.026700 -0.162588 0.126163 0.978595 0.000000 0.000000 0.000000 0.000000 1.000000
0.986457 0.043226 0.158220 0.000000 -0.022229 0.990981 -0.132148 12.026700 -0.162505 0.126842 0.978521 -0.000000 0.000000 0.000000 0.000000 1.000000
0.986450 0.043435 0.158205 -0.000000 -0.022346 0.990902 -0.132718 12.026700 -0.162531 0.127384 0.978446 -0.000000 0.000000 0.000000 0.000000 1.000000
0.986422 0.043687 0.158311 -0.000000 -0.022499 0.990829 -0.133234 12.026700 -0.162680 0.127863 0.978359 -0.000000 0.000000 0.000000 0.000000 1.000000
0.986380 0.043966 0.158495 0.000000 -0.022664 0.990751 -0.133784 12.026700 -0.162911 0.128370 0.978254 -0.000000 0.000000 0.000000 0.000000 1.000000
0.986332 0.044269 0.158713 0.000000 -0.022837 0.990664 -0.134401 12.026700 -0.163181 0.128939 0.978134 0.000000 0.000000 0.000000 0.000000 1.000000
0.986289 0.044545 0.158902 0.000000 -0.022979 0.990572 -0.135055 12.026700 -0.163420 0.129552 0.978013 0.000000 0.000000 0.000000 0.000000 1.000000
0.986266 0.044780 0.158979 0.000000 -0.023096 0.990479 -0.135713 12.026700 -0.163542 0.130177 0.977910 0.000000 0.000000 0.000000 0.000000 1.000000
0.986253 0.044994 0.158997 0.000000 -0.023200 0.990388 -0.136356 12.026700 -0.163604 0.130793 0.977817 0.000000 0.000000 0.000000 0.000000 1.000000
0.986247 0.045183 0.158980 0.000000 -0.023289 0.990301 -0.136970 12.026700 -0.163627 0.131384 0.977734 -0.000000 0.000000 0.000000 0.000000 1.000000
0.986244 0.045351 0.158956 0.000000 -0.023365 0.990220 -0.137545 12.026700 -0.163639 0.131939 0.977658 -0.000000 0.000000 0.000000 0.000000 1.000000
0.986239 0.045498 0.158943 0.000000 -0.023426 0.990145 -0.138076 12.026700 -0.163659 0.132452 0.977585 0.000000 0.000000 0.000000 0.000000 1.000000
0.986228 0.045630 0.158972 0.000000 -0.023473 0.990076 -0.138559 12.026700 -0.163717 0.132919 0.977512 0.000000 0.000000 0.000000 0.000000 1.000000
0.986210 0.045709 0.159060 0.000000 -0.023472 0.990018 -0.138969 12.026700 -0.163824 0.133319 0.977439 0.000000 0.000000 0.000000 0.000000 1.000000
0.986194 0.045770 0.159142 0.000000 -0.023462 0.989968 -0.139327 12.026700 -0.163922 0.133670 0.977375 -0.000000 0.000000 0.000000 0.000000 1.000000
0.986184 0.045849 0.159183 0.000000 -0.023482 0.989923 -0.139648 12.026700 -0.163981 0.133981 0.977322 0.000000 0.000000 0.000000 0.000000 1.000000
0.986183 0.045945 0.159158 0.000000 -0.023534 0.989881 -0.139935 12.026700 -0.163977 0.134256 0.977285 -0.000000 0.000000 0.000000 0.000000 1.000000
0.986183 0.046041 0.159132 0.000000 -0.023595 0.989847 -0.140164 12.026700 -0.163969 0.134473 0.977257 0.000000 0.000000 0.000000 0.000000 1.000000
0.986183 0.046110 0.159114 0.000000 -0.023633 0.989818 -0.140360 12.026700 -0.163966 0.134660 0.977232 0.000000 0.000000 0.000000 0.000000 1.000000
0.986183 0.046155 0.159103 -0.000000 -0.023654 0.989795 -0.140521 12.026700 -0.163965 0.134816 0.977210 -0.000000 0.000000 0.000000 0.000000 1.000000</float_array>
        <technique_common>
          <accessor source="#mixamorig_Spine1-Matrix-animation-output-transform-array" count="59" stride="16">
            <param type="float4x4"/>
          </accessor>
        </technique_common>
      </source>
      <source id="mixamorig_Spine1-Interpolations">
        <Name_array id="mixamorig_Spine1-Interpolations-array" count="59">
 LINEAR LINEAR LINEAR LINEAR LINEAR LINEAR LINEAR LINEAR LINEAR LINEAR LINEAR
LINEAR LINEAR LINEAR LINEAR LINEAR LINEAR LINEAR LINEAR LINEAR LINEAR LINEAR LINEAR
LINEAR LINEAR LINEAR LINEAR LINEAR LINEAR LINEAR LINEAR LINEAR LINEAR LINEAR LINEAR
LINEAR LINEAR LINEAR LINEAR LINEAR LINEAR LINEAR LINEAR LINEAR LINEAR LINEAR LINEAR
LINEAR LINEAR LINEAR LINEAR LINEAR LINEAR LINEAR LINEAR LINEAR LINEAR LINEAR LINEAR</Name_array>
        <technique_common>
          <accessor source="#mixamorig_Spine1-Interpolations-array" count="59">
            <param type="name"/>
          </accessor>
        </technique_common>
      </source>
      <sampler id="mixamorig_Spine1-Matrix-animation-transform">
        <input semantic="INPUT" source="#mixamorig_Spine1-Matrix-animation-input"/>
        <input semantic="OUTPUT" source="#mixamorig_Spine1-Matrix-animation-output-transform"/>
        <input semantic="INTERPOLATION" source="#mixamorig_Spine1-Interpolations"/>
      </sampler>
      <channel source="#mixamorig_Spine1-Matrix-animation-transform" target="mixamorig_Spine1/matrix"/>
    </animation>
    <animation id="mixamorig_Spine2-anim" name="mixamorig_Spine2">
      <source id="mixamorig_Spine2-Matrix-animation-input">
        <float_array id="mixamorig_Spine2-Matrix-animation-input-array" count="59">

0.000000 0.033333 0.066667 0.100000 0.133333 0.166667 0.200000 0.233333 0.266667 0.300000 0.333333 0.366667 0.400000 0.433333 0.466667 0.500000
0.533333 0.566667 0.600000 0.633333 0.666667 0.700000 0.733333 0.766667 0.800000 0.833333 0.866667 0.900000 0.933333 0.966667 1.000000 1.033333
1.066667 1.100000 1.133333 1.166667 1.200000 1.233333 1.266667 1.300000 1.333333 1.366667 1.400000 1.433333 1.466667 1.500000 1.533333 1.566667
1.600000 1.633333 1.666667 1.700000 1.733333 1.766667 1.800000 1.833333 1.866667 1.900000 1.933333</float_array>
        <technique_common>
          <accessor source="#mixamorig_Spine2-Matrix-animation-input-array" count="59">
            <param name="TIME" type="float"/>
          </accessor>
        </technique_common>
      </source>
      <source id="mixamorig_Spine2-Matrix-animation-output-transform">
        <float_array id="mixamorig_Spine2-Matrix-animation-output-transform-array" count="944">

0.986184 0.053092 0.156915 0.000000 -0.013448 0.969780 -0.243610 11.513500 -0.165107 0.238134 0.957096 0.000000 0.000000 0.000000 0.000000 1.000000
0.986184 0.053063 0.156923 0.000000 -0.013434 0.969806 -0.243508 11.513500 -0.165106 0.238036 0.957120 0.000000 0.000000 0.000000 0.000000 1.000000
0.986185 0.052994 0.156941 0.000000 -0.013399 0.969860 -0.243292 11.513500 -0.165104 0.237829 0.957172 -0.000000 0.000000 0.000000 0.000000 1.000000
0.986205 0.052849 0.156868 -0.000000 -0.013332 0.969945 -0.242958 11.513500 -0.164993 0.237515 0.957269 0.000000 0.000000 0.000000 0.000000 1.000000
0.986249 0.052620 0.156665 -0.000000 -0.013235 0.970061 -0.242501 11.513500 -0.164735 0.237092 0.957418 0.000000 0.000000 0.000000 0.000000 1.000000
0.986345 0.052218 0.156196 -0.000000 -0.013052 0.970205 -0.241933 11.513500 -0.164175 0.236591 0.957638 -0.000000 0.000000 0.000000 0.000000 1.000000
0.986440 0.051819 0.155727 0.000000 -0.012883 0.970367 -0.241292 11.513500 -0.163616 0.236014 0.957876 0.000000 0.000000 0.000000 0.000000 1.000000
0.986494 0.051490 0.155491 0.000000 -0.012742 0.970551 -0.240557 11.513500 -0.163298 0.235327 0.958100 -0.000000 0.000000 0.000000 0.000000 1.000000
0.986508 0.051224 0.155492 -0.000000 -0.012624 0.970763 -0.239708 11.513500 -0.163225 0.234511 0.958312 0.000000 0.000000 0.000000 0.000000 1.000000
0.986492 0.051001 0.155666 -0.000000 -0.012530 0.971006 -0.238726 11.513500 -0.163328 0.233551 0.958529 -0.000000 0.000000 0.000000 0.000000 1.000000
0.986462 0.050791 0.155923 -0.000000 -0.012436 0.971259 -0.237702 11.513500 -0.163515 0.232545 0.958742 0.000000 0.000000 0.000000 0.000000 1.000000
0.986430 0.050570 0.156197 0.000000 -0.012316 0.971493 -0.236748 11.513500 -0.163717 0.231612 0.958933 -0.000000 0.000000 0.000000 0.000000 1.000000
0.986417 0.050294 0.156371 0.000000 -0.012149 0.971703 -0.235895 11.513500 -0.163810 0.230791 0.959115 0.000000 0.000000 0.000000 0.000000 1.000000
0.986444 0.049938 0.156317 -0.000000 -0.011948 0.971900 -0.235092 11.513500 -0.163665 0.230037 0.959321 0.000000 0.000000 0.000000 0.000000 1.000000
0.986510 0.049504 0.156033 0.000000 -0.011730 0.972104 -0.234258 11.513500 -0.163277 0.229268 0.959571 0.000000 0.000000 0.000000 0.000000 1.000000
0.986570 0.049076 0.155792 -0.000000 -0.011519 0.972326 -0.233342 11.513500 -0.162932 0.228414 0.959834 -0.000000 0.000000 0.000000 0.000000 1.000000
0.986588 0.048705 0.155794 0.000000 -0.011319 0.972561 -0.232372 11.513500 -0.162836 0.227492 0.960069 0.000000 0.000000 0.000000 0.000000 1.000000
0.986565 0.048443 0.156022 0.000000 -0.011170 0.972791 -0.231414 11.513500 -0.162987 0.226562 0.960263 0.000000 0.000000 0.000000 0.000000 1.000000
0.986532 0.048237 0.156296 -0.000000 -0.011053 0.973002 -0.230530 11.513500 -0.163196 0.225697 0.960431 0.000000 0.000000 0.000000 0.000000 1.000000
0.986517 0.048026 0.156453 0.000000 -0.010937 0.973183 -0.229772 11.513500 -0.163292 0.224963 0.960587 0.000000 0.000000 0.000000 0.000000 1.000000
0.986529 0.047795 0.156445 0.000000 -0.010829 0.973348 -0.229077 11.513500 -0.163225 0.224297 0.960754 -0.000000 0.000000 0.000000 0.000000 1.000000
0.986555 0.047588 0.156351 -0.000000 -0.010758 0.973503 -0.228422 11.513500 -0.163078 0.223668 0.960926 0.000000 0.000000 0.000000 0.000000 1.000000
0.986573 0.047418 0.156283 0.000000 -0.010716 0.973655 -0.227775 11.513500 -0.162966 0.223042 0.961090 0.000000 0.000000 0.000000 0.000000 1.000000
0.986578 0.047292 0.156292 0.000000 -0.010689 0.973792 -0.227189 11.513500 -0.162940 0.222469 0.961227 0.000000 0.000000 0.000000 0.000000 1.000000
0.986573 0.047209 0.156348 0.000000 -0.010673 0.973901 -0.226721 11.513500 -0.162970 0.222008 0.961329 0.000000 0.000000 0.000000 0.000000 1.000000
0.986560 0.047190 0.156436 0.000000 -0.010683 0.973969 -0.226430 11.513500 -0.163049 0.221715 0.961383 -0.000000 0.000000 0.000000 0.000000 1.000000
0.986544 0.047257 0.156520 -0.000000 -0.010738 0.973978 -0.226386 11.513500 -0.163146 0.221659 0.961380 -0.000000 0.000000 0.000000 0.000000 1.000000
0.986527 0.047419 0.156578 -0.000000 -0.010843 0.973920 -0.226631 11.513500 -0.163241 0.221880 0.961313 0.000000 0.000000 0.000000 0.000000 1.000000
