<?xml version="1.0" encoding="utf-8"?>
<COLLADA xmlns="http://www.collada.org/2005/11/COLLADASchema" version="1.4.1">
  <asset>
    <contributor>
      <author>Mixamo</author>
      <authoring_tool>COLLADA Mixamo exporter</authoring_tool>
      <comments/>
    </contributor>
    <created>2023-09-27T11:20:42Z</created>
    <modified>2023-09-27T11:20:42Z</modified>
    <revision/>
    <title/>
    <unit meter="0.010000"/>
    <up_axis>Y_UP</up_axis>
  </asset>
  <library_animations>
    <animation id="mixamorig_Hips-anim" name="mixamorig_Hips">
      <source id="mixamorig_Hips-Matrix-animation-input">
        <float_array id="mixamorig_Hips-Matrix-animation-input-array" count="28">

0.000000 0.033333 0.066667 0.100000 0.133333 0.166667 0.200000 0.233333 0.266667 0.300000 0.333333 0.366667 0.400000 0.433333 0.466667 0.500000
0.533333 0.566667 0.600000 0.633333 0.666667 0.700000 0.733333 0.766667 0.800000 0.833333 0.866667 0.900000</float_array>
        <technique_common>
          <accessor source="#mixamorig_Hips-Matrix-animation-input-array" count="28">
            <param name="TIME" type="float"/>
          </accessor>
        </technique_common>
      </source>
      <source id="mixamorig_Hips-Matrix-animation-output-transform">
        <float_array id="mixamorig_Hips-Matrix-animation-output-transform-array" count="448">

0.972044 0.199391 -0.123993 -0.364000 -0.218915 0.960544 -0.171554 68.264328 0.084894 0.193902 0.977341 0.945972 0.000000 0.000000 0.000000 1.000000
0.938522 0.014882 -0.344898 0.118260 -0.058036 0.991653 -0.115138 73.554634 0.340305 0.128076 0.931552 19.135155 0.000000 0.000000 0.000000 1.000000
0.896690 -0.183413 -0.402873 -1.518482 0.154525 0.982564 -0.103391 81.705399 0.414812 0.030456 0.909397 30.595968 0.000000 0.000000 0.000000 1.000000
0.882268 -0.307787 -0.356188 -2.856427 0.292417 0.951286 -0.097710 88.041206 0.368911 -0.017950 0.929292 39.798164 0.000000 0.000000 0.000000 1.000000
0.896520 -0.333051 -0.292111 -3.228333 0.329239 0.942098 -0.063664 92.508293 0.296400 -0.039098 0.954263 50.335896 0.000000 0.000000 0.000000 1.000000
0.930346 -0.280245 -0.236472 -3.010813 0.286362 0.958081 -0.008803 96.008148 0.229026 -0.059526 0.971599 61.965660 0.000000 0.000000 0.000000 1.000000
0.958624 -0.217810 -0.183303 -2.716536 0.230957 0.971494 0.053466 99.201653 0.166432 -0.093589 0.981602 74.338051 0.000000 0.000000 0.000000 1.000000
0.972644 -0.184721 -0.140859 -2.434672 0.196905 0.977314 0.078007 102.281067 0.123254 -0.103609 0.986952 87.083275 0.000000 0.000000 0.000000 1.000000
0.976396 -0.170489 -0.132604 -1.936665 0.181605 0.980373 0.076734 104.602150 0.116919 -0.099004 0.988194 99.275269 0.000000 0.000000 0.000000 1.000000
0.974215 -0.161835 -0.157206 -1.222361 0.177222 0.980113 0.089284 105.733971 0.139631 -0.114842 0.983522 111.141701 0.000000 0.000000 0.000000 1.000000
0.973634 -0.143113 -0.177640 -0.542490 0.167233 0.977422 0.129149 105.685257 0.155146 -0.155451 0.975584 122.866478 0.000000 0.000000 0.000000 1.000000
0.982399 -0.109282 -0.151492 -0.011198 0.136055 0.974313 0.179452 105.074898 0.127990 -0.196905 0.972032 134.412567 0.000000 0.000000 0.000000 1.000000
0.995105 -0.067001 -0.072637 0.412135 0.081414 0.972472 0.218333 103.842331 0.056008 -0.223178 0.973167 146.026093 0.000000 0.000000 0.000000 1.000000
0.999129 -0.018062 0.037611 0.796573 0.008736 0.972027 0.234708 101.750671 -0.040798 -0.234175 0.971338 158.177841 0.000000 0.000000 0.000000 1.000000
0.988749 0.032596 0.145990 1.124404 -0.066001 0.970897 0.230222 98.898949 -0.134237 -0.237267 0.962125 171.052032 0.000000 0.000000 0.000000 1.000000
0.971206 0.075016 0.226122 1.390262 -0.124346 0.969209 0.212538 95.574860 -0.203216 -0.234535 0.950629 184.511414 0.000000 0.000000 0.000000 1.000000
0.956153 0.108941 0.271853 1.623723 -0.165039 0.967247 0.192863 91.356804 -0.241938 -0.229273 0.942815 198.337326 0.000000 0.000000 0.000000 1.000000
0.945662 0.120631 0.301945 1.629570 -0.182554 0.965435 0.186036 86.236214 -0.269067 -0.231048 0.934997 211.669800 0.000000 0.000000 0.000000 1.000000
0.936672 0.097652 0.336318 1.278618 -0.174761 0.962554 0.207240 81.056511 -0.303487 -0.252891 0.918663 224.059082 0.000000 0.000000 0.000000 1.000000
0.929841 0.027131 0.366960 0.742479 -0.126547 0.960024 0.249680 77.063782 -0.345517 -0.278600 0.896103 236.121277 0.000000 0.000000 0.000000 1.000000
0.932063 -0.010015 0.362159 0.193325 -0.095345 0.957601 0.271864 73.488380 -0.349526 -0.287924 0.891589 249.338440 0.000000 0.000000 0.000000 1.000000
0.940288 -0.019740 0.339806 -0.079496 -0.059773 0.973227 0.221936 72.519180 -0.335090 -0.228995 0.913934 264.117218 0.000000 0.000000 0.000000 1.000000
0.944492 -0.001629 0.328531 -0.050406 -0.033409 0.994328 0.100977 71.285820 -0.326832 -0.106348 0.939080 279.353119 0.000000 0.000000 0.000000 1.000000
0.944953 0.020528 0.326561 -0.012320 -0.014822 0.999691 -0.019951 69.835243 -0.326870 0.014013 0.944965 293.718811 0.000000 0.000000 0.000000 1.000000
0.955583 0.042083 0.291703 -0.099270 -0.020594 0.996868 -0.076352 69.361824 -0.294003 0.066954 0.953457 307.209961 0.000000 0.000000 0.000000 1.000000
0.977243 0.110311 0.181184 -0.104729 -0.094670 0.991170 -0.092841 69.560455 -0.189826 0.073575 0.979057 319.549774 0.000000 0.000000 0.000000 1.000000
0.984046 0.175554 0.028882 -0.017967 -0.170581 0.977097 -0.127219 69.088371 -0.050554 0.120263 0.991454 332.858704 0.000000 0.000000 0.000000 1.000000
0.972041 0.199610 -0.123661 -0.161089 -0.219073 0.960497 -0.171620 68.227043 0.084519 0.193913 0.977371 348.746094 0.000000 0.000000 0.000000 1.000000</float_array>
        <technique_common>
          <accessor source="#mixamorig_Hips-Matrix-animation-output-transform-array" count="28" stride="16">
            <param type="float4x4"/>
          </accessor>
        </technique_common>
      </source>
      <source id="mixamorig_Hips-Interpolations">
        <Name_array id="mixamorig_Hips-Interpolations-array" count="28">
 LINEAR LINEAR LINEAR LINEAR LINEAR LINEAR LINEAR LINEAR LINEAR LINEAR LINEAR
LINEAR LINEAR LINEAR LINEAR LINEAR LINEAR LINEAR LINEAR LINEAR LINEAR LINEAR LINEAR
LINEAR LINEAR LINEAR LINEAR LINEAR</Name_array>
        <technique_common>
          <accessor source="#mixamorig_Hips-Interpolations-array" count="28">
            <param type="name"/>
          </accessor>
        </technique_common>
      </source>
      <sampler id="mixamorig_Hips-Matrix-animation-transform">
        <input semantic="INPUT" source="#mixamorig_Hips-Matrix-animation-input"/>
        <input semantic="OUTPUT" source="#mixamorig_Hips-Matrix-animation-output-transform"/>
        <input semantic="INTERPOLATION" source="#mixamorig_Hips-Interpolations"/>
      </sampler>
      <channel source="#mixamorig_Hips-Matrix-animation-transform" target="mixamorig_Hips/matrix"/>
    </animation>
    <animation id="mixamorig_Spine-anim" name="mixamorig_Spine">
      <source id="mixamorig_Spine-Matrix-animation-input">
        <float_array id="mixamorig_Spine-Matrix-animation-input-array" count="28">

0.000000 0.033333 0.066667 0.100000 0.133333 0.166667 0.200000 0.233333 0.266667 0.300000 0.333333 0.366667 0.400000 0.433333 0.466667 0.500000
0.533333 0.566667 0.600000 0.633333 0.666667 0.700000 0.733333 0.766667 0.800000 0.833333 0.866667 0.900000</float_array>
        <technique_common>
          <accessor source="#mixamorig_Spine-Matrix-animation-input-array" count="28">
            <param name="TIME" type="float"/>
          </accessor>
        </technique_common>
      </source>
      <source id="mixamorig_Spine-Matrix-animation-output-transform">
        <float_array id="mixamorig_Spine-Matrix-animation-output-transform-array" count="448">

0.928683 -0.363073 0.075669 0.000000 0.367157 0.928851 -0.049310 7.722000 -0.052382 0.073576 0.995913 1.166200 0.000000 0.000000 0.000000 1.000000
0.916615 -0.135272 0.376189 0.000000 0.174687 0.981948 -0.072544 7.722000 -0.359585 0.132210 0.923699 1.166200 0.000000 0.000000 0.000000 1.000000
0.824316 0.156227 0.544147 0.000000 -0.056916 0.979170 -0.194903 7.722000 -0.563261 0.129691 0.816038 1.166200 0.000000 0.000000 0.000000 1.000000
0.762486 0.361375 0.536677 0.000000 -0.197534 0.919898 -0.338773 7.722000 -0.616113 0.152298 0.772794 1.166200 0.000000 0.000000 0.000000 1.000000
0.774795 0.427419 0.465840 -0.000000 -0.220698 0.873342 -0.434242 7.722000 -0.592441 0.233639 0.770991 1.166200 0.000000 0.000000 0.000000 1.000000
0.825003 0.379913 0.418373 0.000000 -0.162127 0.868308 -0.468782 7.722000 -0.541373 0.318917 0.777951 1.166200 0.000000 0.000000 0.000000 1.000000
0.858169 0.333585 0.390215 0.000000 -0.112153 0.863571 -0.491596 7.722000 -0.500967 0.378109 0.778502 1.166200 0.000000 0.000000 0.000000 1.000000
0.864554 0.316141 0.390641 0.000000 -0.095953 0.866880 -0.489195 7.722000 -0.493294 0.385452 0.779800 1.166200 0.000000 0.000000 0.000000 1.000000
0.863881 0.292096 0.410352 0.000000 -0.066228 0.873480 -0.482335 7.722000 -0.499322 0.389503 0.773928 1.166200 0.000000 0.000000 0.000000 1.000000
0.867227 0.266151 0.420809 0.000000 -0.018937 0.862166 -0.506271 7.722000 -0.497552 0.431083 0.752734 1.166200 0.000000 0.000000 0.000000 1.000000
0.886756 0.235917 0.397501 0.000000 0.032248 0.826279 -0.562337 7.722000 -0.461112 0.511475 0.725100 1.166200 0.000000 0.000000 0.000000 1.000000
0.922922 0.183819 0.338268 0.000000 0.072024 0.780696 -0.620747 7.722000 -0.378190 0.597264 0.707282 1.166200 0.000000 0.000000 0.000000 1.000000
0.959541 0.102735 0.262159 0.000000 0.101156 0.743127 -0.661461 7.722000 -0.262772 0.661217 0.702668 1.166200 0.000000 0.000000 0.000000 1.000000
0.981916 0.000811 0.189316 -0.000000 0.129247 0.727824 -0.673474 7.722000 -0.138335 0.685764 0.714557 1.166200 0.000000 0.000000 0.000000 1.000000
0.987942 -0.095819 0.121612 0.000000 0.152381 0.740793 -0.654222 7.722000 -0.027403 0.664865 0.746461 1.166200 0.000000 0.000000 0.000000 1.000000
0.985336 -0.164898 0.043832 0.000000 0.157191 0.777391 -0.609060 7.722000 0.066358 0.607019 0.791912 1.166200 0.000000 0.000000 0.000000 1.000000
0.977160 -0.206395 -0.050589 -0.000000 0.146090 0.825337 -0.545415 7.722000 0.154324 0.525567 0.836638 1.166200 0.000000 0.000000 0.000000 1.000000
0.963407 -0.213390 -0.162209 0.000000 0.108289 0.863432 -0.492705 7.722000 0.245195 0.457110 0.854945 1.166200 0.000000 0.000000 0.000000 1.000000
0.944834 -0.174570 -0.277152 0.000000 0.020840 0.876465 -0.481014 7.722000 0.326885 0.448703 0.831752 1.166200 0.000000 0.000000 0.000000 1.000000
0.917435 -0.067838 -0.392060 0.000000 -0.135488 0.873207 -0.468137 7.722000 0.374107 0.482605 0.791919 1.166200 0.000000 0.000000 0.000000 1.000000
0.894550 0.010174 -0.446851 -0.000000 -0.221011 0.879038 -0.422429 7.722000 0.388502 0.476643 0.788592 1.166200 0.000000 0.000000 0.000000 1.000000
0.888230 0.043134 -0.457370 0.000000 -0.202583 0.930331 -0.305686 7.722000 0.412320 0.364175 0.835086 1.166200 0.000000 0.000000 0.000000 1.000000
0.893038 0.023533 -0.449366 0.000000 -0.092350 0.986959 -0.131844 7.722000 0.440403 0.159240 0.883565 1.166200 0.000000 0.000000 0.000000 1.000000
0.900253 -0.009781 -0.435258 -0.000000 0.013652 0.999890 0.005766 7.722000 0.435154 -0.011133 0.900287 1.166200 0.000000 0.000000 0.000000 1.000000
0.920359 -0.076516 -0.383516 0.000000 0.085153 0.996352 0.005565 7.722000 0.381691 -0.037780 0.923517 1.166200 0.000000 0.000000 0.000000 1.000000
0.941787 -0.216693 -0.257064 0.000000 0.197744 0.975370 -0.097729 7.722000 0.271910 0.041206 0.961440 1.166200 0.000000 0.000000 0.000000 1.000000
0.940556 -0.325714 -0.096250 0.000000 0.315444 0.942789 -0.107909 7.722000 0.125891 0.071133 0.989491 1.166200 0.000000 0.000000 0.000000 1.000000
0.928618 -0.363307 0.075342 0.000000 0.367366 0.928769 -0.049301 7.722000 -0.052063 0.073460 0.995938 1.166200 0.000000 0.000000 0.000000 1.000000</float_array>
        <technique_common>
          <accessor source="#mixamorig_Spine-Matrix-animation-output-transform-array" count="28" stride="16">
            <param type="float4x4"/>
          </accessor>
        </technique_common>
      </source>
      <source id="mixamorig_Spine-Interpolations">
        <Name_array id="mixamorig_Spine-Interpolations-array" count="28">
 LINEAR LINEAR LINEAR LINEAR LINEAR LINEAR LINEAR LINEAR LINEAR LINEAR LINEAR
LINEAR LINEAR LINEAR LINEAR LINEAR LINEAR LINEAR LINEAR LINEAR LINEAR LINEAR LINEAR
LINEAR LINEAR LINEAR LINEAR LINEAR</Name_array>
        <technique_common>
          <accessor source="#mixamorig_Spine-Interpolations-array" count="28">
            <param type="name"/>
          </accessor>
        </technique_common>
      </source>
      <sampler id="mixamorig_Spine-Matrix-animation-transform">
        <input semantic="INPUT" source="#mixamorig_Spine-Matrix-animation-input"/>
        <input semantic="OUTPUT" source="#mixamorig_Spine-Matrix-animation-output-transform"/>
        <input semantic="INTERPOLATION" source="#mixamorig_Spine-Interpolations"/>
      </sampler>
      <channel source="#mixamorig_Spine-Matrix-animation-transform" target="mixamorig_Spine/matrix"/>
    </animation>
    <animation id="mixamorig_Spine1-anim" name="mixamorig_Spine1">
      <source id="mixamorig_Spine1-Matrix-animation-input">
        <float_array id="mixamorig_Spine1-Matrix-animation-input-array" count="28">

0.000000 0.033333 0.066667 0.100000 0.133333 0.166667 0.200000 0.233333 0.266667 0.300000 0.333333 0.366667 0.400000 0.433333 0.466667 0.500000
0.533333 0.566667 0.600000 0.633333 0.666667 0.700000 0.733333 0.766667 0.800000 0.833333 0.866667 0.900000</float_array>
        <technique_common>
          <accessor source="#mixamorig_Spine1-Matrix-animation-input-array" count="28">
            <param name="TIME" type="float"/>
          </accessor>
        </technique_common>
      </source>
      <source id="mixamorig_Spine1-Matrix-animation-output-transform">
        <float_array id="mixamorig_Spine1-Matrix-animation-output-transform-array" count="448">

0.996909 0.077114 0.015053 0.000000 -0.077235 0.996984 0.007579 12.026700 -0.014423 -0.008718 0.999858 -0.000000 0.000000 0.000000 0.000000 1.000000
0.992059 0.114661 0.051694 -0.000000 -0.115742 0.993109 0.018400 12.026700 -0.049228 -0.024237 0.998493 0.000000 0.000000 0.000000 0.000000 1.000000
0.987903 0.134903 0.076480 0.000000 -0.134927 0.990844 -0.004875 12.026700 -0.076437 -0.005503 0.997059 0.000000 0.000000 0.000000 0.000000 1.000000
0.990067 0.113179 0.083409 -0.000000 -0.112180 0.993550 -0.016578 12.026700 -0.084747 0.007056 0.996377 0.000000 0.000000 0.000000 0.000000 1.000000
0.993091 0.084620 0.081306 0.000000 -0.084580 0.996409 -0.003942 12.026700 -0.081347 -0.002962 0.996681 0.000000 0.000000 0.000000 0.000000 1.000000
0.995253 0.062396 0.074693 0.000000 -0.062754 0.998026 0.002446 12.026700 -0.074392 -0.007122 0.997204 -0.000000 0.000000 0.000000 0.000000 1.000000
0.996591 0.046107 0.068415 0.000000 -0.046268 0.998929 0.000770 12.026700 -0.068307 -0.003932 0.997657 -0.000000 0.000000 0.000000 0.000000 1.000000
0.997155 0.036855 0.065751 -0.000000 -0.036877 0.999319 -0.000879 12.026700 -0.065738 -0.001549 0.997836 -0.000000 0.000000 0.000000 0.000000 1.000000
0.997105 0.036257 0.066840 0.000000 -0.036625 0.999320 0.004286 12.026700 -0.066640 -0.006721 0.997754 -0.000000 0.000000 0.000000 0.000000 1.000000
0.997105 0.034451 0.067780 0.000000 -0.035204 0.999331 0.009953 12.026700 -0.067392 -0.012310 0.997651 -0.000000 0.000000 0.000000 0.000000 1.000000
0.997600 0.026834 0.063831 0.000000 -0.028068 0.999435 0.018505 12.026700 -0.063299 -0.020252 0.997789 0.000000 0.000000 0.000000 0.000000 1.000000
0.998535 0.011258 0.052927 0.000000 -0.012923 0.999429 0.031223 12.026700 -0.052545 -0.031862 0.998110 -0.000000 0.000000 0.000000 0.000000 1.000000
0.999290 -0.008734 0.036650 -0.000000 0.007069 0.998948 0.045302 12.026700 -0.037007 -0.045010 0.998301 0.000000 0.000000 0.000000 0.000000 1.000000
0.999387 -0.029725 0.018503 0.000000 0.028711 0.998190 0.052841 12.026700 -0.020040 -0.052277 0.998432 -0.000000 0.000000 0.000000 0.000000 1.000000
0.998780 -0.049341 0.001952 -0.000000 0.049197 0.997704 0.046550 12.026700 -0.004244 -0.046397 0.998914 0.000000 0.000000 0.000000 0.000000 1.000000
0.997818 -0.064960 -0.011822 0.000000 0.065251 0.997526 0.026167 12.026700 0.010092 -0.026882 0.999588 0.000000 0.000000 0.000000 0.000000 1.000000
0.997105 -0.072110 -0.024128 0.000000 0.072139 0.997395 0.000331 12.026700 0.024041 -0.002071 0.999709 -0.000000 0.000000 0.000000 0.000000 1.000000
0.996980 -0.068089 -0.037351 -0.000000 0.067555 0.997597 -0.015383 12.026700 0.038309 0.012813 0.999184 0.000000 0.000000 0.000000 0.000000 1.000000
0.996904 -0.058723 -0.052297 0.000000 0.058256 0.998247 -0.010415 12.026700 0.052817 0.007337 0.998577 0.000000 0.000000 0.000000 0.000000 1.000000
0.996730 -0.046835 -0.065847 -0.000000 0.046911 0.998899 -0.000386 12.026700 0.065793 -0.002705 0.997830 -0.000000 0.000000 0.000000 0.000000 1.000000
0.996628 -0.037770 -0.072836 0.000000 0.037817 0.999284 -0.000726 12.026700 0.072812 -0.002031 0.997344 0.000000 0.000000 0.000000 0.000000 1.000000
0.996901 -0.029975 -0.072737 -0.000000 0.029398 0.999527 -0.008988 12.026700 0.072972 0.006822 0.997311 0.000000 0.000000 0.000000 0.000000 1.000000
0.997272 -0.030140 -0.067374 -0.000000 0.028621 0.999316 -0.023403 12.026700 0.068034 0.021410 0.997453 0.000000 0.000000 0.000000 0.000000 1.000000
0.997611 -0.035610 -0.059201 0.000000 0.033791 0.998934 -0.031442 12.026700 0.060258 0.029366 0.997751 0.000000 0.000000 0.000000 0.000000 1.000000
0.998393 -0.028059 -0.049227 0.000000 0.027014 0.999398 -0.021769 12.026700 0.049808 0.020404 0.998550 0.000000 0.000000 0.000000 0.000000 1.000000
0.999444 -0.000829 -0.033340 0.000000 0.000670 0.999988 -0.004776 12.026700 0.033343 0.004751 0.999433 -0.000000 0.000000 0.000000 0.000000 1.000000
0.999225 0.037952 -0.010445 -0.000000 -0.037915 0.999274 0.003744 12.026700 0.010580 -0.003345 0.999938 -0.000000 0.000000 0.000000 0.000000 1.000000
0.996909 0.077114 0.015053 0.000000 -0.077235 0.996984 0.007579 12.026700 -0.014423 -0.008718 0.999858 0.000000 0.000000 0.000000 0.000000 1.000000</float_array>
        <technique_common>
          <accessor source="#mixamorig_Spine1-Matrix-animation-output-transform-array" count="28" stride="16">
            <param type="float4x4"/>
          </accessor>
        </technique_common>
      </source>
      <source id="mixamorig_Spine1-Interpolations">
        <Name_array id="mixamorig_Spine1-Interpolations-array" count="28">
 LINEAR LINEAR LINEAR LINEAR LINEAR LINEAR LINEAR LINEAR LINEAR LINEAR LINEAR
LINEAR LINEAR LINEAR LINEAR LINEAR LINEAR LINEAR LINEAR LINEAR LINEAR LINEAR LINEAR
LINEAR LINEAR LINEAR LINEAR LINEAR</Name_array>
        <technique_common>
          <accessor source="#mixamorig_Spine1-Interpolations-array" count="28">
            <param type="name"/>
          </accessor>
        </technique_common>
      </source>
      <sampler id="mixamorig_Spine1-Matrix-animation-transform">
        <input semantic="INPUT" source="#mixamorig_Spine1-Matrix-animation-input"/>
        <input semantic="OUTPUT" source="#mixamorig_Spine1-Matrix-animation-output-transform"/>
        <input semantic="INTERPOLATION" source="#mixamorig_Spine1-Interpolations"/>
      </sampler>
      <channel source="#mixamorig_Spine1-Matrix-animation-transform" target="mixamorig_Spine1/matrix"/>
    </animation>
    <animation id="mixamorig_Spine2-anim" name="mixamorig_Spine2">
      <source id="mixamorig_Spine2-Matrix-animation-input">
        <float_array id="mixamorig_Spine2-Matrix-animation-input-array" count="28">

0.000000 0.033333 0.066667 0.100000 0.133333 0.166667 0.200000 0.233333 0.266667 0.300000 0.333333 0.366667 0.400000 0.433333 0.466667 0.500000
0.533333 0.566667 0.600000 0.633333 0.666667 0.700000 0.733333 0.766667 0.800000 0.833333 0.866667 0.900000</float_array>
        <technique_common>
          <accessor source="#mixamorig_Spine2-Matrix-animation-input-array" count="28">
            <param name="TIME" type="float"/>
          </accessor>
        </technique_common>
      </source>
      <source id="mixamorig_Spine2-Matrix-animation-output-transform">
        <float_array id="mixamorig_Spine2-Matrix-animation-output-transform-array" count="448">

0.996945 0.077178 0.012030 0.000000 -0.075615 0.992199 -0.099111 11.513500 -0.019586 0.097899 0.995004 0.000000 0.000000 0.000000 0.000000 1.000000
0.992093 0.118222 0.042138 -0.000000 -0.114044 0.989334 -0.090619 11.513500 -0.052402 0.085097 0.994994 0.000000 0.000000 0.000000 0.000000 1.000000
0.988161 0.138705 0.065562 0.000000 -0.130524 0.984650 -0.115879 11.513500 -0.080629 0.105950 0.991097 -0.000000 0.000000 0.000000 0.000000 1.000000
0.990375 0.115212 0.076699 0.000000 -0.104964 0.986413 -0.126381 11.513500 -0.090218 0.117114 0.989012 -0.000000 0.000000 0.000000 0.000000 1.000000
0.993241 0.086845 0.077002 0.000000 -0.077933 0.990644 -0.112033 11.513500 -0.086011 0.105275 0.990717 0.000000 0.000000 0.000000 0.000000 1.000000
0.995321 0.065154 0.071356 0.000000 -0.057505 0.992866 -0.104456 11.513500 -0.077653 0.099864 0.991966 -0.000000 0.000000 0.000000 0.000000 1.000000
0.996626 0.048902 0.065912 0.000000 -0.041772 0.993539 -0.105520 11.513500 -0.070647 0.102411 0.992230 -0.000000 0.000000 0.000000 0.000000 1.000000
0.997177 0.039516 0.063848 0.000000 -0.032533 0.993734 -0.106931 11.513500 -0.067674 0.104552 0.992214 0.000000 0.000000 0.000000 0.000000 1.000000
0.997140 0.039249 0.064579 0.000000 -0.032526 0.994247 -0.102057 11.513500 -0.068213 0.099665 0.992680 0.000000 0.000000 0.000000 0.000000 1.000000
0.997152 0.038062 0.065109 0.000000 -0.031659 0.994811 -0.096693 11.513500 -0.068451 0.094356 0.993182 -0.000000 0.000000 0.000000 0.000000 1.000000
0.997638 0.031178 0.061205 0.000000 -0.025709 0.995771 -0.088205 11.513500 -0.063696 0.086423 0.994220 -0.000000 0.000000 0.000000 0.000000 1.000000
0.998548 0.015841 0.051489 0.000000 -0.011942 0.997100 -0.075155 11.513500 -0.052531 0.074431 0.995842 0.000000 0.000000 0.000000 0.000000 1.000000
0.999289 -0.004887 0.037375 0.000000 0.007150 0.998133 -0.060665 11.513500 -0.037009 0.060890 0.997458 0.000000 0.000000 0.000000 0.000000 1.000000
0.999384 -0.027493 0.021795 -0.000000 0.028614 0.998190 -0.052890 11.513500 -0.020301 0.053481 0.998362 -0.000000 0.000000 0.000000 0.000000 1.000000
0.998776 -0.048888 0.007569 0.000000 0.049251 0.997030 -0.059210 11.513500 -0.004652 0.059510 0.998217 0.000000 0.000000 0.000000 0.000000 1.000000
0.997823 -0.065779 -0.004754 0.000000 0.065190 0.994667 -0.079928 11.513500 0.009987 0.079444 0.996789 0.000000 0.000000 0.000000 0.000000 1.000000
0.997152 -0.073518 -0.016802 -0.000000 0.071329 0.991766 -0.106363 11.513500 0.024483 0.104861 0.994185 0.000000 0.000000 0.000000 0.000000 1.000000
0.997086 -0.069904 -0.030554 0.000000 0.065661 0.990255 -0.122819 11.513500 0.038842 0.120455 0.991959 -0.000000 0.000000 0.000000 0.000000 1.000000
0.997048 -0.061799 -0.045563 0.000000 0.056011 0.991325 -0.118902 11.513500 0.052516 0.115999 0.991860 -0.000000 0.000000 0.000000 0.000000 1.000000
0.996908 -0.051807 -0.059087 -0.000000 0.045070 0.992893 -0.110143 11.513500 0.064373 0.107139 0.992158 -0.000000 0.000000 0.000000 0.000000 1.000000
0.996845 -0.043593 -0.066326 0.000000 0.036010 0.993109 -0.111522 11.513500 0.070731 0.108782 0.991546 0.000000 0.000000 0.000000 0.000000 1.000000
0.997108 -0.035055 -0.067423 -0.000000 0.026800 0.992453 -0.119665 11.513500 0.071109 0.117512 0.990522 -0.000000 0.000000 0.000000 0.000000 1.000000
0.997409 -0.033251 -0.063787 -0.000000 0.024495 0.990754 -0.133441 11.513500 0.067634 0.131533 0.989002 0.000000 0.000000 0.000000 0.000000 1.000000
0.997668 -0.037447 -0.057058 -0.000000 0.029074 0.989571 -0.141084 11.513500 0.061746 0.139096 0.988352 -0.000000 0.000000 0.000000 0.000000 1.000000
0.998417 -0.030422 -0.047309 0.000000 0.024013 0.991147 -0.130582 11.513500 0.050863 0.129239 0.990308 0.000000 0.000000 0.000000 0.000000 1.000000
0.999503 -0.003716 -0.031291 0.000000 0.000184 0.993697 -0.112103 11.513500 0.031511 0.112041 0.993204 0.000000 0.000000 0.000000 0.000000 1.000000
0.999294 0.036170 -0.010199 0.000000 -0.037028 0.994012 -0.102807 11.513500 0.006419 0.103112 0.994649 0.000000 0.000000 0.000000 0.000000 1.000000
0.996945 0.077178 0.012030 0.000000 -0.075615 0.992199 -0.099111 11.513500 -0.019586 0.097899 0.995004 0.000000 0.000000 0.000000 0.000000 1.000000</float_array>
        <technique_common>
          <accessor source="#mixamorig_Spine2-Matrix-animation-output-transform-array" count="28" stride="16">
            <param type="float4x4"/>
          </accessor>
        </technique_common>
      </source>
      <source id="mixamorig_Spine2-Interpolations">
        <Name_array id="mixamorig_Spine2-Interpolations-array" count="28">
 LINEAR LINEAR LINEAR LINEAR LINEAR LINEAR LINEAR LINEAR LINEAR LINEAR LINEAR
LINEAR LINEAR LINEAR LINEAR LINEAR LINEAR LINEAR LINEAR LINEAR LINEAR LINEAR LINEAR
LINEAR LINEAR LINEAR LINEAR LINEAR</Name_array>
        <technique_common>
          <accessor source="#mixamorig_Spine2-Interpolations-array" count="28">
            <param type="name"/>
          </accessor>
        </technique_common>
      </source>
      <sampler id="mixamorig_Spine2-Matrix-animation-transform">
        <input semantic="INPUT" source="#mixamorig_Spine2-Matrix-animation-input"/>
        <input semantic="OUTPUT" source="#mixamorig_Spine2-Matrix-animation-output-transform"/>
        <input semantic="INTERPOLATION" source="#mixamorig_Spine2-Interpolations"/>
      </sampler>
      <channel source="#mixamorig_Spine2-Matrix-animation-transform" target="mixamorig_Spine2/matrix"/>
    </animation>
    <animation id="mixamorig_Neck-anim" name="mixamorig_Neck">
      <source id="mixamorig_Neck-Matrix-animation-input">
        <float_array id="mixamorig_Neck-Matrix-animation-input-array" count="28">

0.000000 0.033333 0.066667 0.100000 0.133333 0.166667 0.200000 0.233333 0.266667 0.300000 0.333333 0.366667 0.400000 0.433333 0.466667 0.500000
0.533333 0.566667 0.600000 0.633333 0.666667 0.700000 0.733333 0.766667 0.800000 0.833333 0.866667 0.900000</float_array>
        <technique_common>
          <accessor source="#mixamorig_Neck-Matrix-animation-input-array" count="28">
            <param name="TIME" type="float"/>
          </accessor>
        </technique_common>
      </source>
      <source id="mixamorig_Neck-Matrix-animation-output-transform">
        <float_array id="mixamorig_Neck-Matrix-animation-output-transform-array" count="448">

0.999976 0.005700 0.004042 0.000000 -0.004347 0.960371 -0.278692 18.430700 -0.005470 0.278668 0.960372 -3.123100 0.000000 0.000000 0.000000 1.000000
0.997689 0.064827 -0.020337 0.000000 -0.067804 0.969044 -0.237394 18.430700 0.004318 0.238224 0.971201 -3.123100 0.000000 0.000000 0.000000 1.000000
0.990642 0.132375 -0.033250 0.000000 -0.135935 0.978801 -0.153200 18.430700 0.012266 0.156286 0.987636 -3.123100 0.000000 0.000000 0.000000 1.000000
0.981499 0.190165 -0.022290 0.000000 -0.190839 0.981049 -0.033512 18.430700 0.015495 0.037146 0.999190 -3.123100 0.000000 0.000000 0.000000 1.000000
0.978861 0.204303 -0.009535 0.000000 -0.203460 0.977456 0.056417 18.430700 0.020846 -0.053284 0.998362 -3.123100 0.000000 0.000000 0.000000 1.000000
0.984139 0.176683 -0.015897 -0.000000 -0.175181 0.982055 0.069859 18.430700 0.027954 -0.065966 0.997430 -3.123100 0.000000 0.000000 0.000000 1.000000
0.989970 0.138538 -0.027679 0.000000 -0.137022 0.989270 0.050703 18.430700 0.034406 -0.046401 0.998330 -3.123100 0.000000 0.000000 0.000000 1.000000
0.992923 0.112206 -0.038902 0.000000 -0.111895 0.993669 0.010095 18.430700 0.039788 -0.005670 0.999192 -3.123100 0.000000 0.000000 0.000000 1.000000
0.993826 0.100828 -0.046308 0.000000 -0.102046 0.994472 -0.024748 18.430700 0.043557 0.029321 0.998621 -3.123100 0.000000 0.000000 0.000000 1.000000
0.994131 0.096268 -0.049357 0.000000 -0.098159 0.994467 -0.037422 18.430700 0.045482 0.042047 0.998080 -3.123100 0.000000 0.000000 0.000000 1.000000
0.994875 0.088421 -0.049051 0.000000 -0.090371 0.995141 -0.039077 18.430700 0.045357 0.043309 0.998032 -3.123100 0.000000 0.000000 0.000000 1.000000
0.996337 0.071604 -0.046747 0.000000 -0.073822 0.996136 -0.047580 18.430700 0.043160 0.050857 0.997773 -3.123100 0.000000 0.000000 0.000000 1.000000
0.997817 0.049720 -0.043468 0.000000 -0.052476 0.996520 -0.064762 18.430700 0.040097 0.066901 0.996954 -3.123100 0.000000 0.000000 0.000000 1.000000
0.998775 0.028761 -0.040270 -0.000000 -0.032032 0.996026 -0.083107 18.430700 0.037720 0.084295 0.995727 -3.123100 0.000000 0.000000 0.000000 1.000000
0.999201 0.014664 -0.037192 0.000000 -0.018488 0.994335 -0.104669 18.430700 0.035447 0.105273 0.993811 -3.123100 0.000000 0.000000 0.000000 1.000000
0.999397 0.013840 -0.031852 0.000000 -0.017843 0.991481 -0.129023 18.430700 0.029795 0.129514 0.991130 -3.123100 0.000000 0.000000 0.000000 1.000000
0.999386 0.027054 -0.022243 0.000000 -0.030219 0.987110 -0.157166 18.430700 0.017704 0.157742 0.987322 -3.123100 0.000000 0.000000 0.000000 1.000000
0.999274 0.036847 -0.009672 0.000000 -0.037998 0.982204 -0.183932 18.430700 0.002722 0.184166 0.982891 -3.123100 0.000000 0.000000 0.000000 1.000000
0.999901 0.013154 0.004916 0.000000 -0.011895 0.979448 -0.201346 18.430700 -0.007464 0.201268 0.979508 -3.123100 0.000000 0.000000 0.000000 1.000000
0.999023 -0.036938 0.024261 0.000000 0.041351 0.975006 -0.218297 18.430700 -0.015591 0.219087 0.975581 -3.123100 0.000000 0.000000 0.000000 1.000000
0.996797 -0.065645 0.045679 0.000000 0.074841 0.967011 -0.243491 18.430700 -0.028188 0.246130 0.968827 -3.123100 0.000000 0.000000 0.000000 1.000000
0.996787 -0.054432 0.058762 -0.000000 0.068277 0.960996 -0.268002 18.430700 -0.041882 0.271153 0.961625 -3.123100 0.000000 0.000000 0.000000 1.000000
0.997706 -0.033845 0.058629 0.000000 0.048931 0.959029 -0.279049 18.430700 -0.046782 0.281278 0.958485 -3.123100 0.000000 0.000000 0.000000 1.000000
0.998257 -0.027723 0.052097 0.000000 0.041555 0.957038 -0.286968 18.430700 -0.041903 0.288633 0.956522 -3.123100 0.000000 0.000000 0.000000 1.000000
0.998735 -0.026576 0.042694 0.000000 0.037937 0.955446 -0.292719 18.430700 -0.033012 0.293968 0.955245 -3.123100 0.000000 0.000000 0.000000 1.000000
0.999191 -0.025032 0.031481 0.000000 0.033226 0.954813 -0.295343 18.430700 -0.022665 0.296150 0.954873 -3.123100 0.000000 0.000000 0.000000 1.000000
0.999653 -0.017697 0.019511 0.000000 0.022652 0.955582 -0.293854 18.430700 -0.013444 0.294194 0.955651 -3.123100 0.000000 0.000000 0.000000 1.000000
0.999976 0.005699 0.004042 0.000000 -0.004347 0.960371 -0.278692 18.430700 -0.005470 0.278668 0.960372 -3.123100 0.000000 0.000000 0.000000 1.000000</float_array>
        <technique_common>
          <accessor source="#mixamorig_Neck-Matrix-animation-output-transform-array" count="28" stride="16">
            <param type="float4x4"/>
          </accessor>
        </technique_common>
      </source>
      <source id="mixamorig_Neck-Interpolations">
        <Name_array id="mixamorig_Neck-Interpolations-array" count="28">
 LINEAR LINEAR LINEAR LINEAR LINEAR LINEAR LINEAR LINEAR LINEAR LINEAR LINEAR
LINEAR LINEAR LINEAR LINEAR LINEAR LINEAR LINEAR LINEAR LINEAR LINEAR LINEAR LINEAR
LINEAR LINEAR LINEAR LINEAR LINEAR</Name_array>
        <technique_common>
          <accessor source="#mixamorig_Neck-Interpolations-array" count="28">
            <param type="name"/>
          </accessor>
        </technique_common>
      </source>
      <sampler id="mixamorig_Neck-Matrix-animation-transform">
        <input semantic="INPUT" source="#mixamorig_Neck-Matrix-animation-input"/>
        <input semantic="OUTPUT" source="#mixamorig_Neck-Matrix-animation-output-transform"/>
        <input semantic="INTERPOLATION" source="#mixamorig_Neck-Interpolations"/>
      </sampler>
      <channel source="#mixamorig_Neck-Matrix-animation-transform" target="mixamorig_Neck/matrix"/>
    </animation>
    <animation id="mixamorig_Head-anim" name="mixamorig_Head">
      <source id="mixamorig_Head-Matrix-animation-input">
        <float_array id="mixamorig_Head-Matrix-animation-input-array" count="28">

0.000000 0.033333 0.066667 0.100000 0.133333 0.166667 0.200000 0.233333 0.266667 0.300000 0.333333 0.366667 0.400000 0.433333 0.466667 0.500000
0.533333 0.566667 0.600000 0.633333 0.666667 0.700000 0.733333 0.766667 0.800000 0.833333 0.866667 0.900000</float_array>
        <technique_common>
          <accessor source="#mixamorig_Head-Matrix-animation-input-array" count="28">
            <param name="TIME" type="float"/>
          </accessor>
        </technique_common>
      </source>
      <source id="mixamorig_Head-Matrix-animation-output-transform">
        <float_array id="mixamorig_Head-Matrix-animation-output-transform-array" count="448">

0.999199 0.039099 -0.008464 -0.000000 -0.030714 0.885346 0.463918 9.051100 0.025633 -0.463286 0.885838 1.034000 0.000000 0.000000 0.000000 1.000000
0.984425 0.079132 -0.156990 0.000000 -0.019229 0.936081 0.351258 9.051100 0.174751 -0.342769 0.923023 1.034000 0.000000 0.000000 0.000000 1.000000
0.946090 0.045804 -0.320649 0.000000 0.007049 0.986805 0.161761 9.051100 0.323827 -0.155300 0.933283 1.034000 0.000000 0.000000 0.000000 1.000000
0.908961 -0.115334 -0.400609 0.000000 0.094097 0.992930 -0.072360 9.051100 0.406122 0.028076 0.913387 1.034000 0.000000 0.000000 0.000000 1.000000
0.894391 -0.247729 -0.372418 0.000000 0.178420 0.961103 -0.210827 9.051100 0.410160 0.122115 0.903801 1.034000 0.000000 0.000000 0.000000 1.000000
0.889634 -0.286901 -0.355301 0.000000 0.218440 0.950582 -0.220633 9.051100 0.401042 0.118671 0.908340 1.034000 0.000000 0.000000 0.000000 1.000000
0.886479 -0.302637 -0.350093 -0.000000 0.234711 0.946028 -0.223475 9.051100 0.398830 0.115935 0.909667 1.034000 0.000000 0.000000 0.000000 1.000000
0.871309 -0.327216 -0.365720 0.000000 0.251472 0.937678 -0.239839 9.051100 0.421406 0.117005 0.899292 1.034000 0.000000 0.000000 0.000000 1.000000
0.854903 -0.344185 -0.388173 0.000000 0.261800 0.932189 -0.249970 9.051100 0.447886 0.112077 0.887038 1.034000 0.000000 0.000000 0.000000 1.000000
0.852751 -0.338076 -0.398145 0.000000 0.258194 0.935466 -0.241327 9.051100 0.454038 0.102993 0.885010 1.034000 0.000000 0.000000 0.000000 1.000000
0.868017 -0.310069 -0.387820 0.000000 0.241696 0.946124 -0.215481 9.051100 0.433740 0.093307 0.896194 1.034000 0.000000 0.000000 0.000000 1.000000
0.894509 -0.266988 -0.358568 0.000000 0.214479 0.960040 -0.179786 9.051100 0.392240 0.083915 0.916028 1.034000 0.000000 0.000000 0.000000 1.000000
0.923998 -0.212585 -0.317862 -0.000000 0.176332 0.974449 -0.139127 9.051100 0.339316 0.072504 0.937874 1.034000 0.000000 0.000000 0.000000 1.000000
0.949018 -0.153563 -0.275288 0.000000 0.131009 0.986462 -0.098640 9.051100 0.286709 0.057545 0.956288 1.034000 0.000000 0.000000 0.000000 1.000000
0.966321 -0.096534 -0.238548 0.000000 0.083372 0.994417 -0.064690 9.051100 0.243461 0.042624 0.968974 1.034000 0.000000 0.000000 0.000000 1.000000
0.978387 -0.043902 -0.202067 0.000000 0.034028 0.998063 -0.052083 9.051100 0.203962 0.044081 0.977986 1.034000 0.000000 0.000000 0.000000 1.000000
0.988070 0.005104 -0.153921 0.000000 -0.013932 0.998315 -0.056329 9.051100 0.153374 0.057801 0.986476 1.034000 0.000000 0.000000 0.000000 1.000000
0.995492 0.040416 -0.085803 0.000000 -0.044402 0.997996 -0.045072 9.051100 0.083810 0.048679 0.995292 1.034000 0.000000 0.000000 0.000000 1.000000
0.999101 0.041821 0.006937 0.000000 -0.041875 0.999092 0.007889 9.051100 -0.006600 -0.008173 0.999945 1.034000 0.000000 0.000000 0.000000 1.000000
0.993800 0.001110 0.111175 0.000000 -0.011298 0.995783 0.091047 9.051100 -0.110605 -0.091739 0.989621 1.034000 0.000000 0.000000 0.000000 1.000000
0.978617 -0.034800 0.202725 -0.000000 0.001101 0.986456 0.164022 9.051100 -0.205687 -0.160292 0.965401 1.034000 0.000000 0.000000 0.000000 1.000000
0.962465 -0.007852 0.271292 0.000000 -0.046235 0.980227 0.192399 9.051100 -0.267439 -0.197720 0.943071 1.034000 0.000000 0.000000 0.000000 1.000000
0.958002 0.034258 0.284706 0.000000 -0.096671 0.973304 0.208170 9.051100 -0.269974 -0.226950 0.935739 1.034000 0.000000 0.000000 0.000000 1.000000
0.966019 0.043347 0.254810 0.000000 -0.113858 0.956400 0.268954 9.051100 -0.232042 -0.288826 0.928836 1.034000 0.000000 0.000000 0.000000 1.000000
0.977810 0.040157 0.205610 0.000000 -0.110718 0.932248 0.344464 9.051100 -0.177846 -0.359585 0.916007 1.034000 0.000000 0.000000 0.000000 1.000000
0.988940 0.033700 0.144440 -0.000000 -0.091612 0.904660 0.416170 9.051100 -0.116644 -0.424799 0.897742 1.034000 0.000000 0.000000 0.000000 1.000000
0.996335 0.032070 0.079293 -0.000000 -0.065551 0.881818 0.467013 9.051100 -0.054945 -0.470499 0.880688 1.034000 0.000000 0.000000 0.000000 1.000000
0.999199 0.039099 -0.008464 0.000000 -0.030714 0.885346 0.463918 9.051100 0.025633 -0.463286 0.885838 1.034000 0.000000 0.000000 0.000000 1.000000</float_array>
        <technique_common>
          <accessor source="#mixamorig_Head-Matrix-animation-output-transform-array" count="28" stride="16">
            <param type="float4x4"/>
          </accessor>
        </technique_common>
      </source>
      <source id="mixamorig_Head-Interpolations">
        <Name_array id="mixamorig_Head-Interpolations-array" count="28">
 LINEAR LINEAR LINEAR LINEAR LINEAR LINEAR LINEAR LINEAR LINEAR LINEAR LINEAR
LINEAR LINEAR LINEAR LINEAR LINEAR LINEAR LINEAR LINEAR LINEAR LINEAR LINEAR LINEAR
LINEAR LINEAR LINEAR LINEAR LINEAR</Name_array>
        <technique_common>
          <accessor source="#mixamorig_Head-Interpolations-array" count="28">
            <param type="name"/>
          </accessor>
        </technique_common>
      </source>
      <sampler id="mixamorig_Head-Matrix-animation-transform">
        <input semantic="INPUT" source="#mixamorig_Head-Matrix-animation-input"/>
        <input semantic="OUTPUT" source="#mixamorig_Head-Matrix-animation-output-transform"/>
        <input semantic="INTERPOLATION" source="#mixamorig_Head-Interpolations"/>
      </sampler>
      <channel source="#mixamorig_Head-Matrix-animation-transform" target="mixamorig_Head/matrix"/>
    </animation>
    <animation id="mixamorig_LeftShoulder-anim" name="mixamorig_LeftShoulder">
      <source id="mixamorig_LeftShoulder-Matrix-animation-input">
        <float_array id="mixamorig_LeftShoulder-Matrix-animation-input-array" count="28">

0.000000 0.033333 0.066667 0.100000 0.133333 0.166667 0.200000 0.233333 0.266667 0.300000 0.333333 0.366667 0.400000 0.433333 0.466667 0.500000
0.533333 0.566667 0.600000 0.633333 0.666667 0.700000 0.733333 0.766667 0.800000 0.833333 0.866667 0.900000</float_array>
        <technique_common>
          <accessor source="#mixamorig_LeftShoulder-Matrix-animation-input-array" count="28">
            <param name="TIME" type="float"/>
          </accessor>
        </technique_common>
      </source>
      <source id="mixamorig_LeftShoulder-Matrix-animation-output-transform">
        <float_array id="mixamorig_LeftShoulder-Matrix-animation-output-transform-array" count="448">

0.072704 0.992515 0.098126 6.200000 0.017900 0.097072 -0.995116 13.477800 -0.997193 0.074105 -0.010708 -5.751900 0.000000 0.000000 0.000000 1.000000
-0.006174 0.996040 0.088690 6.200000 0.010782 0.088753 -0.995995 13.477800 -0.999923 -0.005193 -0.011287 -5.751900 0.000000 0.000000 0.000000 1.000000
-0.102442 0.993739 0.044600 6.200000 0.001118 0.044951 -0.998989 13.477800 -0.994738 -0.102289 -0.005716 -5.751900 0.000000 0.000000 0.000000 1.000000
-0.175669 0.984447 -0.002136 6.200000 -0.006089 -0.003256 -0.999976 13.477800 -0.984430 -0.175652 0.006566 -5.751900 0.000000 0.000000 0.000000 1.000000
-0.211491 0.976700 -0.036440 6.200000 -0.006990 -0.038793 -0.999223 13.477800 -0.977355 -0.211072 0.015031 -5.751900 0.000000 0.000000 0.000000 1.000000
-0.222000 0.974128 -0.042312 6.200000 -0.007088 -0.045006 -0.998962 13.477800 -0.975021 -0.221469 0.016896 -5.751900 0.000000 0.000000 0.000000 1.000000
