<?xml version="1.0" encoding="utf-8"?>
<COLLADA xmlns="http://www.collada.org/2005/11/COLLADASchema" version="1.4.1">
  <asset>
    <contributor>
      <author>Mixamo</author>
      <authoring_tool>COLLADA Mixamo exporter</authoring_tool>
      <comments/>
    </contributor>
    <created>2023-09-27T11:23:30Z</created>
    <modified>2023-09-27T11:23:30Z</modified>
    <revision/>
    <title/>
    <unit meter="0.010000"/>
    <up_axis>Y_UP</up_axis>
  </asset>
  <library_animations>
    <animation id="mixamorig_Hips-anim" name="mixamorig_Hips">
      <source id="mixamorig_Hips-Matrix-animation-input">
        <float_array id="mixamorig_Hips-Matrix-animation-input-array" count="101">

0.000000 0.033333 0.066667 0.100000 0.133333 0.166667 0.200000 0.233333 0.266667 0.300000 0.333333 0.366667 0.400000 0.433333 0.466667 0.500000
0.533333 0.566667 0.600000 0.633333 0.666667 0.700000 0.733333 0.766667 0.800000 0.833333 0.866667 0.900000 0.933333 0.966667 1.000000 1.033333
1.066667 1.100000 1.133333 1.166667 1.200000 1.233333 1.266667 1.300000 1.333333 1.366667 1.400000 1.433333 1.466667 1.500000 1.533333 1.566667
1.600000 1.633333 1.666667 1.700000 1.733333 1.766667 1.800000 1.833333 1.866667 1.900000 1.933333 1.966667 2.000000 2.033333 2.066667 2.100000
2.133333 2.166667 2.200000 2.233333 2.266667 2.300000 2.333333 2.366667 2.400000 2.433333 2.466667 2.500000 2.533333 2.566667 2.600000 2.633333
2.666667 2.700000 2.733333 2.766667 2.800000 2.833333 2.866667 2.900000 2.933333 2.966667 3.000000 3.033333 3.066667 3.100000 3.133333 3.166667
3.200000 3.233333 3.266667 3.300000 3.333333</float_array>
        <technique_common>
          <accessor source="#mixamorig_Hips-Matrix-animation-input-array" count="101">
            <param name="TIME" type="float"/>
          </accessor>
        </technique_common>
      </source>
      <source id="mixamorig_Hips-Matrix-animation-output-transform">
        <float_array id="mixamorig_Hips-Matrix-animation-output-transform-array" count="1616">

0.992818 -0.052615 0.107440 -0.340115 0.050103 0.998407 0.025956 78.038177 -0.108634 -0.020386 0.993873 -0.081187 0.000000 0.000000 0.000000 1.000000
0.992798 -0.052451 0.107707 -0.240519 0.049937 0.998416 0.025911 77.970917 -0.108895 -0.020345 0.993845 -0.302043 0.000000 0.000000 0.000000 1.000000
0.992730 -0.052509 0.108306 -0.172187 0.049942 0.998406 0.026283 77.907921 -0.109514 -0.020683 0.993770 -0.558370 0.000000 0.000000 0.000000 1.000000
0.992931 -0.052629 0.106389 -0.102439 0.050094 0.998396 0.026364 77.845528 -0.107606 -0.020848 0.993975 -0.851455 0.000000 0.000000 0.000000 1.000000
0.993606 -0.052843 0.099769 0.001050 0.050527 0.998395 0.025595 77.780098 -0.100961 -0.020390 0.994681 -1.186283 0.000000 0.000000 0.000000 1.000000
0.994446 -0.054351 0.090133 0.163107 0.052360 0.998332 0.024311 77.708649 -0.091304 -0.019456 0.995633 -1.569539 0.000000 0.000000 0.000000 1.000000
0.995309 -0.058666 0.076927 0.405861 0.057049 0.998105 0.023049 77.626686 -0.078134 -0.018553 0.996770 -1.999866 0.000000 0.000000 0.000000 1.000000
0.996100 -0.067973 0.056245 0.743123 0.066775 0.997505 0.022910 77.501320 -0.057662 -0.019065 0.998154 -2.521471 0.000000 0.000000 0.000000 1.000000
0.996373 -0.082025 0.022635 1.088967 0.081437 0.996345 0.025789 77.247688 -0.024668 -0.023852 0.999411 -3.214479 0.000000 0.000000 0.000000 1.000000
0.994683 -0.100127 -0.024103 1.362201 0.100890 0.994355 0.032860 76.825676 0.020677 -0.035117 0.999169 -4.058407 0.000000 0.000000 0.000000 1.000000
0.989382 -0.120705 -0.080950 1.503905 0.124789 0.991049 0.047434 76.245026 0.074500 -0.057032 0.995589 -5.018649 0.000000 0.000000 0.000000 1.000000
0.982056 -0.139862 -0.126508 1.480732 0.149822 0.986019 0.072934 75.551971 0.114539 -0.090579 0.989281 -6.058309 0.000000 0.000000 0.000000 1.000000
0.978323 -0.154669 -0.137702 1.249487 0.170631 0.978857 0.112805 74.746002 0.117344 -0.133856 0.984029 -7.126585 0.000000 0.000000 0.000000 1.000000
0.979669 -0.163837 -0.115787 0.835241 0.181181 0.970360 0.159923 73.967789 0.086153 -0.177650 0.980315 -8.147157 0.000000 0.000000 0.000000 1.000000
0.982577 -0.168843 -0.077688 0.528444 0.181354 0.962458 0.201955 73.632545 0.040672 -0.212526 0.976309 -9.098837 0.000000 0.000000 0.000000 1.000000
0.983566 -0.177790 -0.031451 0.206287 0.180185 0.955503 0.233552 73.503578 -0.011471 -0.235381 0.971835 -10.341022 0.000000 0.000000 0.000000 1.000000
0.980936 -0.192445 0.027009 -0.232369 0.179507 0.950552 0.253434 72.975258 -0.074446 -0.243755 0.966975 -12.305903 0.000000 0.000000 0.000000 1.000000
0.972145 -0.196440 0.127846 -0.554265 0.154883 0.947825 0.278637 71.475571 -0.175911 -0.251075 0.951849 -15.250658 0.000000 0.000000 0.000000 1.000000
0.950111 -0.178367 0.255880 -0.808875 0.089710 0.941961 0.323513 69.338684 -0.298733 -0.284418 0.910969 -18.690712 0.000000 0.000000 0.000000 1.000000
0.919961 -0.161617 0.357144 -1.306154 0.015408 0.925262 0.379016 67.045601 -0.391707 -0.343177 0.853695 -22.131310 0.000000 0.000000 0.000000 1.000000
0.892542 -0.164969 0.419707 -2.311690 -0.036570 0.901146 0.431970 65.056381 -0.449479 -0.400900 0.798278 -25.552418 0.000000 0.000000 0.000000 1.000000
0.855953 -0.182595 0.483740 -3.923645 -0.070194 0.885871 0.458590 64.491348 -0.512267 -0.426487 0.745447 -29.349174 0.000000 0.000000 0.000000 1.000000
0.817043 -0.187084 0.545380 -5.446199 -0.107750 0.879687 0.463185 65.689445 -0.566419 -0.437207 0.698584 -32.646446 0.000000 0.000000 0.000000 1.000000
0.791347 -0.160632 0.589888 -6.237090 -0.154361 0.881109 0.447012 68.131340 -0.591560 -0.444797 0.672467 -35.326851 0.000000 0.000000 0.000000 1.000000
0.788473 -0.115918 0.604047 -6.559575 -0.190962 0.887412 0.419563 70.545029 -0.584674 -0.446165 0.677565 -38.222633 0.000000 0.000000 0.000000 1.000000
0.811961 -0.074148 0.578984 -6.685512 -0.205781 0.891855 0.402801 71.942055 -0.546236 -0.446202 0.708893 -42.006702 0.000000 0.000000 0.000000 1.000000
0.854599 -0.050736 0.516804 -6.712994 -0.194418 0.891573 0.409022 71.701088 -0.481521 -0.450026 0.752073 -47.027363 0.000000 0.000000 0.000000 1.000000
0.890071 -0.027947 0.454964 -6.609316 -0.181842 0.893485 0.410631 70.443611 -0.417980 -0.448222 0.790183 -52.493805 0.000000 0.000000 0.000000 1.000000
0.904471 0.005444 0.426500 -6.260696 -0.185884 0.905002 0.382648 68.235283 -0.383900 -0.425373 0.819560 -57.760502 0.000000 0.000000 0.000000 1.000000
0.904877 0.053959 0.422240 -5.614855 -0.208760 0.920708 0.329721 64.888733 -0.370968 -0.386504 0.844392 -62.872295 0.000000 0.000000 0.000000 1.000000
0.902652 0.108940 0.416356 -5.100120 -0.240165 0.930293 0.277263 61.007210 -0.357128 -0.350266 0.865894 -68.709106 0.000000 0.000000 0.000000 1.000000
0.878461 0.152665 0.452768 -4.958165 -0.282217 0.930415 0.233840 57.024887 -0.385563 -0.333198 0.860419 -74.257324 0.000000 0.000000 0.000000 1.000000
0.823267 0.200890 0.530918 -5.347804 -0.345739 0.919244 0.188295 52.741821 -0.450217 -0.338576 0.826239 -78.707695 0.000000 0.000000 0.000000 1.000000
0.761419 0.249280 0.598415 -5.658575 -0.408331 0.901394 0.144066 48.437939 -0.503495 -0.354046 0.788127 -82.870514 0.000000 0.000000 0.000000 1.000000
0.734466 0.286235 0.615328 -5.820033 -0.443240 0.888924 0.115554 44.355331 -0.513905 -0.357608 0.779755 -87.214035 0.000000 0.000000 0.000000 1.000000
0.757160 0.314536 0.572516 -5.637311 -0.445895 0.889358 0.101096 40.417534 -0.477374 -0.331828 0.813637 -92.144897 0.000000 0.000000 0.000000 1.000000
0.799625 0.325211 0.504814 -5.026770 -0.431203 0.896032 0.105784 36.221275 -0.417928 -0.302265 0.856722 -97.608253 0.000000 0.000000 0.000000 1.000000
0.830579 0.299743 0.469353 -4.118618 -0.415943 0.894310 0.164928 31.561203 -0.370311 -0.332210 0.867471 -103.713020 0.000000 0.000000 0.000000 1.000000
0.839306 0.237528 0.489026 -3.204978 -0.418662 0.856224 0.302659 26.489990 -0.346826 -0.458760 0.818078 -110.540138 0.000000 0.000000 0.000000 1.000000
0.832565 0.175750 0.525307 -2.577717 -0.446081 0.774953 0.447726 21.917616 -0.328401 -0.607091 0.723598 -116.977760 0.000000 0.000000 0.000000 1.000000
0.839757 0.189623 0.508774 -1.657812 -0.472203 0.717591 0.511945 17.715042 -0.268015 -0.670154 0.692143 -123.166466 0.000000 0.000000 0.000000 1.000000
0.859949 0.242152 0.449277 -0.680098 -0.470564 0.717037 0.514225 13.697480 -0.197627 -0.653621 0.730563 -128.311890 0.000000 0.000000 0.000000 1.000000
0.869080 0.225053 0.440513 -0.648334 -0.451077 0.726081 0.518975 11.131668 -0.203051 -0.649736 0.732539 -130.500977 0.000000 0.000000 0.000000 1.000000
0.897714 0.165429 0.408341 -0.129444 -0.402730 0.683953 0.608291 9.081429 -0.178657 -0.710522 0.680617 -133.485214 0.000000 0.000000 0.000000 1.000000
0.942935 0.131157 0.306058 0.718375 -0.322437 0.589089 0.740951 7.382356 -0.083114 -0.797353 0.597762 -137.535934 0.000000 0.000000 0.000000 1.000000
0.960340 0.086116 0.265199 0.724492 -0.272706 0.488336 0.828951 7.133996 -0.058120 -0.868396 0.492453 -139.099487 0.000000 0.000000 0.000000 1.000000
0.968878 0.070170 0.237384 0.343836 -0.245530 0.394306 0.885572 6.791520 -0.031462 -0.916296 0.399263 -140.398666 0.000000 0.000000 0.000000 1.000000
0.974562 0.081932 0.208605 0.059672 -0.223704 0.299082 0.927635 5.874935 0.013613 -0.950703 0.309802 -142.712189 0.000000 0.000000 0.000000 1.000000
0.979317 0.100419 0.175652 0.268026 -0.192283 0.191736 0.962427 5.123429 0.062967 -0.976296 0.207079 -145.573517 0.000000 0.000000 0.000000 1.000000
0.983953 0.107606 0.142332 0.741791 -0.150608 0.073120 0.985886 4.793231 0.095680 -0.991501 0.088153 -148.443283 0.000000 0.000000 0.000000 1.000000
0.988961 0.094091 0.114471 1.147805 -0.110058 -0.050835 0.992624 4.920341 0.099216 -0.994265 -0.039918 -150.875870 0.000000 0.000000 0.000000 1.000000
0.994495 0.072156 0.075981 1.452192 -0.063216 -0.165141 0.984242 5.541700 0.083567 -0.983627 -0.159671 -152.302460 0.000000 0.000000 0.000000 1.000000
0.998179 0.056942 0.019910 1.711076 -0.004712 -0.255439 0.966814 6.453249 0.060138 -0.965147 -0.254706 -153.112793 0.000000 0.000000 0.000000 1.000000
0.997933 0.048816 -0.041792 1.826950 0.055094 -0.315156 0.947439 7.339283 0.033079 -0.947784 -0.317194 -153.692383 0.000000 0.000000 0.000000 1.000000
0.995644 0.046512 -0.080806 1.693403 0.092042 -0.352049 0.931445 7.714012 0.014876 -0.934825 -0.354796 -154.301682 0.000000 0.000000 0.000000 1.000000
0.994830 0.052793 -0.086758 1.446408 0.100359 -0.380190 0.919447 7.576708 0.015556 -0.923400 -0.383523 -154.921524 0.000000 0.000000 0.000000 1.000000
0.994545 0.071288 -0.076151 1.117635 0.098565 -0.403261 0.909761 7.335961 0.034146 -0.912304 -0.408088 -155.395401 0.000000 0.000000 0.000000 1.000000
0.992000 0.096994 -0.080796 0.623698 0.114156 -0.416016 0.902164 7.478520 0.053892 -0.904170 -0.423760 -155.662704 0.000000 0.000000 0.000000 1.000000
0.987947 0.120454 -0.097214 -0.025036 0.139324 -0.418348 0.897538 8.019585 0.067443 -0.900264 -0.430088 -155.788254 0.000000 0.000000 0.000000 1.000000
0.984050 0.137782 -0.112521 -0.658198 0.160329 -0.412900 0.896554 8.626890 0.077069 -0.900294 -0.428405 -155.748642 0.000000 0.000000 0.000000 1.000000
0.982567 0.144937 -0.116431 -1.030155 0.165940 -0.401346 0.900769 8.958681 0.083826 -0.904386 -0.418400 -155.465454 0.000000 0.000000 0.000000 1.000000
0.980240 0.139977 -0.139769 -1.163996 0.182374 -0.365878 0.912619 8.835015 0.076608 -0.920076 -0.384176 -155.054703 0.000000 0.000000 0.000000 1.000000
0.980519 0.121276 -0.154515 -1.111200 0.186388 -0.326218 0.926737 8.620792 0.061985 -0.937483 -0.342467 -154.490646 0.000000 0.000000 0.000000 1.000000
0.985040 0.085531 -0.149603 -0.904203 0.167868 -0.280052 0.945194 8.362768 0.038947 -0.956167 -0.290220 -153.770172 0.000000 0.000000 0.000000 1.000000
0.992830 0.034241 -0.114528 -0.595140 0.119323 -0.226709 0.966625 8.069109 0.007133 -0.973360 -0.229170 -153.112671 0.000000 0.000000 0.000000 1.000000
0.997868 -0.025416 -0.060112 -0.221563 0.054973 -0.169122 0.984061 7.780988 -0.035177 -0.985267 -0.167365 -152.713150 0.000000 0.000000 0.000000 1.000000
0.996197 -0.087129 0.000052 0.254477 -0.009807 -0.111542 0.993711 7.574109 -0.086575 -0.989933 -0.111972 -152.584702 0.000000 0.000000 0.000000 1.000000
0.988971 -0.138020 0.053729 0.760013 -0.061147 -0.050078 0.996872 7.559513 -0.134897 -0.989163 -0.057965 -152.631149 0.000000 0.000000 0.000000 1.000000
0.979568 -0.173535 0.101645 1.226636 -0.100570 0.015005 0.994817 7.683231 -0.174161 -0.984713 -0.002754 -152.671387 0.000000 0.000000 0.000000 1.000000
0.970844 -0.192433 0.142937 1.573381 -0.129784 0.079372 0.988360 7.886040 -0.201538 -0.978095 0.052084 -152.579956 0.000000 0.000000 0.000000 1.000000
0.965314 -0.197592 0.170665 1.656257 -0.147122 0.128353 0.980755 8.124798 -0.215695 -0.971845 0.094831 -152.377747 0.000000 0.000000 0.000000 1.000000
0.963235 -0.195316 0.184471 1.535243 -0.152833 0.166339 0.974153 8.424683 -0.220952 -0.966531 0.130373 -152.133392 0.000000 0.000000 0.000000 1.000000
0.964636 -0.188749 0.183989 1.257573 -0.145383 0.201257 0.968690 8.795994 -0.219868 -0.961181 0.166699 -151.851456 0.000000 0.000000 0.000000 1.000000
0.968382 -0.178955 0.173817 0.895622 -0.127478 0.243946 0.961374 9.239229 -0.214444 -0.953135 0.213420 -151.510254 0.000000 0.000000 0.000000 1.000000
0.971741 -0.170562 0.163184 0.542423 -0.108853 0.289627 0.950930 9.661358 -0.209455 -0.941820 0.262876 -151.122253 0.000000 0.000000 0.000000 1.000000
0.973127 -0.166882 0.158664 0.288652 -0.096113 0.331778 0.938448 9.970392 -0.209251 -0.928479 0.306823 -150.756805 0.000000 0.000000 0.000000 1.000000
0.970278 -0.174633 0.167524 0.138375 -0.095028 0.361699 0.927439 10.129951 -0.222554 -0.915793 0.334354 -150.520340 0.000000 0.000000 0.000000 1.000000
0.965206 -0.187968 0.181785 0.037145 -0.098144 0.383955 0.918121 10.231887 -0.242374 -0.904017 0.352148 -150.300537 0.000000 0.000000 0.000000 1.000000
0.959819 -0.201265 0.195548 -0.015825 -0.101397 0.401025 0.910438 10.313902 -0.261659 -0.893684 0.364504 -150.047241 0.000000 0.000000 0.000000 1.000000
0.957139 -0.207865 0.201687 -0.007276 -0.101178 0.412522 0.905312 10.368624 -0.271383 -0.886915 0.373809 -149.808792 0.000000 0.000000 0.000000 1.000000
0.956610 -0.208755 0.203269 0.030669 -0.100533 0.418314 0.902722 10.394739 -0.273478 -0.883988 0.379177 -149.644714 0.000000 0.000000 0.000000 1.000000
0.956890 -0.205823 0.204937 0.074330 -0.102863 0.419708 0.901812 10.393999 -0.271628 -0.884015 0.380443 -149.536392 0.000000 0.000000 0.000000 1.000000
0.956845 -0.200036 0.210794 0.110858 -0.111315 0.417750 0.901717 10.367049 -0.268435 -0.886268 0.377455 -149.450089 0.000000 0.000000 0.000000 1.000000
0.956641 -0.193226 0.217950 0.154275 -0.121839 0.414196 0.901996 10.319118 -0.264563 -0.889441 0.372694 -149.381226 0.000000 0.000000 0.000000 1.000000
0.956421 -0.187758 0.223619 0.206248 -0.130919 0.408798 0.903186 10.256335 -0.260996 -0.893102 0.366402 -149.342484 0.000000 0.000000 0.000000 1.000000
0.956385 -0.185805 0.225396 0.268357 -0.135561 0.401178 0.905914 10.186987 -0.258747 -0.896958 0.358493 -149.344696 0.000000 0.000000 0.000000 1.000000
0.956391 -0.186259 0.224998 0.340576 -0.137622 0.392095 0.909572 10.119810 -0.257637 -0.900871 0.349363 -149.364502 0.000000 0.000000 0.000000 1.000000
0.956567 -0.186710 0.223873 0.423828 -0.139143 0.382404 0.913458 10.058553 -0.256162 -0.904934 0.339816 -149.391571 0.000000 0.000000 0.000000 1.000000
0.957035 -0.185137 0.223176 0.510582 -0.141633 0.373139 0.916901 10.008479 -0.253028 -0.909116 0.330886 -149.420258 0.000000 0.000000 0.000000 1.000000
0.957441 -0.182565 0.223556 0.577239 -0.144929 0.365727 0.919369 9.975710 -0.249605 -0.912641 0.323703 -149.441162 0.000000 0.000000 0.000000 1.000000
0.957706 -0.179868 0.224603 0.626315 -0.148371 0.360108 0.921036 9.961132 -0.246546 -0.915407 0.318190 -149.446625 0.000000 0.000000 0.000000 1.000000
0.957842 -0.177434 0.225955 0.659572 -0.151547 0.356122 0.922069 9.965433 -0.244074 -0.917439 0.314219 -149.428955 0.000000 0.000000 0.000000 1.000000
0.957913 -0.175468 0.227186 0.679802 -0.154049 0.353586 0.922630 9.986158 -0.242222 -0.918797 0.311674 -149.389557 0.000000 0.000000 0.000000 1.000000
0.957996 -0.174138 0.227860 0.689103 -0.155466 0.352312 0.922879 10.018173 -0.240987 -0.919539 0.310441 -149.337418 0.000000 0.000000 0.000000 1.000000
0.958139 -0.173663 0.227620 0.688864 -0.155447 0.352093 0.922966 10.057015 -0.240428 -0.919713 0.310359 -149.278030 0.000000 0.000000 0.000000 1.000000
0.958261 -0.173772 0.227024 0.679779 -0.154852 0.352037 0.923088 10.097550 -0.240328 -0.919714 0.310435 -149.218979 0.000000 0.000000 0.000000 1.000000
0.958330 -0.174251 0.226362 0.662996 -0.154125 0.351785 0.923305 10.136155 -0.240518 -0.919720 0.310269 -149.161865 0.000000 0.000000 0.000000 1.000000
0.958351 -0.175025 0.225674 0.639961 -0.153324 0.351349 0.923605 10.170145 -0.240944 -0.919739 0.309880 -149.106506 0.000000 0.000000 0.000000 1.000000
0.958329 -0.176019 0.224997 0.612161 -0.152509 0.350742 0.923970 10.196791 -0.241552 -0.919781 0.309282 -149.052505 0.000000 0.000000 0.000000 1.000000
0.958267 -0.177155 0.224369 0.581115 -0.151736 0.349978 0.924387 10.213385 -0.242284 -0.919854 0.308491 -148.999893 0.000000 0.000000 0.000000 1.000000
0.958171 -0.178354 0.223826 0.548361 -0.151065 0.349068 0.924841 10.217216 -0.243080 -0.919968 0.307524 -148.948456 0.000000 0.000000 0.000000 1.000000</float_array>
        <technique_common>
          <accessor source="#mixamorig_Hips-Matrix-animation-output-transform-array" count="101" stride="16">
            <param type="float4x4"/>
          </accessor>
        </technique_common>
      </source>
      <source id="mixamorig_Hips-Interpolations">
        <Name_array id="mixamorig_Hips-Interpolations-array" count="101">
 LINEAR LINEAR LINEAR LINEAR LINEAR LINEAR LINEAR LINEAR LINEAR LINEAR LINEAR
LINEAR LINEAR LINEAR LINEAR LINEAR LINEAR LINEAR LINEAR LINEAR LINEAR LINEAR LINEAR
LINEAR LINEAR LINEAR LINEAR LINEAR LINEAR LINEAR LINEAR LINEAR LINEAR LINEAR LINEAR
LINEAR LINEAR LINEAR LINEAR LINEAR LINEAR LINEAR LINEAR LINEAR LINEAR LINEAR LINEAR
LINEAR LINEAR LINEAR LINEAR LINEAR LINEAR LINEAR LINEAR LINEAR LINEAR LINEAR LINEAR
LINEAR LINEAR LINEAR LINEAR LINEAR LINEAR LINEAR LINEAR LINEAR LINEAR LINEAR LINEAR
LINEAR LINEAR LINEAR LINEAR LINEAR LINEAR LINEAR LINEAR LINEAR LINEAR LINEAR LINEAR
LINEAR LINEAR LINEAR LINEAR LINEAR LINEAR LINEAR LINEAR LINEAR LINEAR LINEAR LINEAR
LINEAR LINEAR LINEAR LINEAR LINEAR LINEAR</Name_array>
        <technique_common>
          <accessor source="#mixamorig_Hips-Interpolations-array" count="101">
            <param type="name"/>
          </accessor>
        </technique_common>
      </source>
      <sampler id="mixamorig_Hips-Matrix-animation-transform">
        <input semantic="INPUT" source="#mixamorig_Hips-Matrix-animation-input"/>
        <input semantic="OUTPUT" source="#mixamorig_Hips-Matrix-animation-output-transform"/>
        <input semantic="INTERPOLATION" source="#mixamorig_Hips-Interpolations"/>
      </sampler>
      <channel source="#mixamorig_Hips-Matrix-animation-transform" target="mixamorig_Hips/matrix"/>
    </animation>
    <animation id="mixamorig_Spine-anim" name="mixamorig_Spine">
      <source id="mixamorig_Spine-Matrix-animation-input">
        <float_array id="mixamorig_Spine-Matrix-animation-input-array" count="101">

0.000000 0.033333 0.066667 0.100000 0.133333 0.166667 0.200000 0.233333 0.266667 0.300000 0.333333 0.366667 0.400000 0.433333 0.466667 0.500000
0.533333 0.566667 0.600000 0.633333 0.666667 0.700000 0.733333 0.766667 0.800000 0.833333 0.866667 0.900000 0.933333 0.966667 1.000000 1.033333
1.066667 1.100000 1.133333 1.166667 1.200000 1.233333 1.266667 1.300000 1.333333 1.366667 1.400000 1.433333 1.466667 1.500000 1.533333 1.566667
1.600000 1.633333 1.666667 1.700000 1.733333 1.766667 1.800000 1.833333 1.866667 1.900000 1.933333 1.966667 2.000000 2.033333 2.066667 2.100000
2.133333 2.166667 2.200000 2.233333 2.266667 2.300000 2.333333 2.366667 2.400000 2.433333 2.466667 2.500000 2.533333 2.566667 2.600000 2.633333
2.666667 2.700000 2.733333 2.766667 2.800000 2.833333 2.866667 2.900000 2.933333 2.966667 3.000000 3.033333 3.066667 3.100000 3.133333 3.166667
3.200000 3.233333 3.266667 3.300000 3.333333</float_array>
        <technique_common>
          <accessor source="#mixamorig_Spine-Matrix-animation-input-array" count="101">
            <param name="TIME" type="float"/>
          </accessor>
        </technique_common>
      </source>
      <source id="mixamorig_Spine-Matrix-animation-output-transform">
        <float_array id="mixamorig_Spine-Matrix-animation-output-transform-array" count="1616">

0.999956 0.009359 0.000396 0.000000 -0.009248 0.993055 -0.117284 7.722000 -0.001491 0.117275 0.993098 1.166200 0.000000 0.000000 0.000000 1.000000
0.999957 0.009311 0.000512 0.000000 -0.009186 0.993011 -0.117663 7.722000 -0.001604 0.117653 0.993053 1.166200 0.000000 0.000000 0.000000 1.000000
0.999955 0.009423 0.001051 0.000000 -0.009234 0.992980 -0.117919 7.722000 -0.002154 0.117904 0.993023 1.166200 0.000000 0.000000 0.000000 1.000000
0.999952 0.009614 0.001775 0.000000 -0.009338 0.992977 -0.117943 7.722000 -0.002896 0.117920 0.993019 1.166200 0.000000 0.000000 0.000000 1.000000
0.999949 0.009800 0.002446 -0.000000 -0.009444 0.993013 -0.117628 7.722000 -0.003581 0.117599 0.993055 1.166200 0.000000 0.000000 0.000000 1.000000
0.999946 0.010012 0.002808 0.000000 -0.009615 0.993101 -0.116866 7.722000 -0.003959 0.116833 0.993144 1.166200 0.000000 0.000000 0.000000 1.000000
0.999943 0.010322 0.002604 0.000000 -0.009952 0.993252 -0.115549 7.722000 -0.003779 0.115517 0.993298 1.166200 0.000000 0.000000 0.000000 1.000000
0.999938 0.011089 0.001336 0.000000 -0.010864 0.993399 -0.114192 7.722000 -0.002594 0.114170 0.993458 1.166200 0.000000 0.000000 0.000000 1.000000
0.999917 0.012774 -0.001459 0.000000 -0.012857 0.993342 -0.114485 7.722000 -0.000013 0.114494 0.993424 1.166200 0.000000 0.000000 0.000000 1.000000
0.999861 0.015259 -0.006674 0.000000 -0.015932 0.993084 -0.116324 7.722000 0.004853 0.116414 0.993189 1.166200 0.000000 0.000000 0.000000 1.000000
0.999728 0.017712 -0.015149 0.000000 -0.019397 0.992647 -0.119478 7.722000 0.012922 0.119740 0.992721 1.166200 0.000000 0.000000 0.000000 1.000000
0.999453 0.018613 -0.027319 0.000000 -0.021857 0.992074 -0.123738 7.722000 0.024799 0.124268 0.991939 1.166200 0.000000 0.000000 0.000000 1.000000
0.998923 0.016444 -0.043390 -0.000000 -0.021922 0.991406 -0.128970 7.722000 0.040896 0.129783 0.990699 1.166200 0.000000 0.000000 0.000000 1.000000
0.998119 0.009347 -0.060592 0.000000 -0.017441 0.990764 -0.134474 7.722000 0.058775 0.135278 0.989063 1.166200 0.000000 0.000000 0.000000 1.000000
0.997845 -0.001488 -0.065598 0.000000 -0.007568 0.990461 -0.137586 7.722000 0.065177 0.137786 0.988315 1.166200 0.000000 0.000000 0.000000 1.000000
0.998623 -0.006494 -0.052053 0.000000 -0.000722 0.990512 -0.137424 7.722000 0.052451 0.137273 0.989144 1.166200 0.000000 0.000000 0.000000 1.000000
0.999584 -0.003903 -0.028578 0.000000 -0.000108 0.990288 -0.139032 7.722000 0.028843 0.138977 0.989875 1.166200 0.000000 0.000000 0.000000 1.000000
0.999969 -0.006156 -0.004979 -0.000000 0.005355 0.989050 -0.147485 7.722000 0.005833 0.147454 0.989052 1.166200 0.000000 0.000000 0.000000 1.000000
0.999635 -0.017678 0.020427 0.000000 0.020711 0.987009 -0.159323 7.722000 -0.017345 0.159687 0.987015 1.166200 0.000000 0.000000 0.000000 1.000000
0.998297 -0.032480 0.048459 0.000000 0.040312 0.984519 -0.170581 7.722000 -0.042168 0.172244 0.984151 1.166200 0.000000 0.000000 0.000000 1.000000
0.996184 -0.039488 0.077832 0.000000 0.053002 0.982228 -0.180053 7.722000 -0.069339 0.183491 0.980573 1.166200 0.000000 0.000000 0.000000 1.000000
0.994932 -0.033998 0.094629 0.000000 0.051654 0.980246 -0.190917 7.722000 -0.086269 0.194837 0.977034 1.166200 0.000000 0.000000 0.000000 1.000000
0.994908 -0.022307 0.098284 0.000000 0.040965 0.980513 -0.192136 7.722000 -0.092083 0.195184 0.976434 1.166200 0.000000 0.000000 0.000000 1.000000
0.996083 -0.002833 0.088379 0.000000 0.019004 0.982990 -0.182674 7.722000 -0.086358 0.183638 0.979193 1.166200 0.000000 0.000000 0.000000 1.000000
0.997154 0.015881 0.073700 0.000000 -0.002948 0.985029 -0.172362 7.722000 -0.075334 0.171655 0.982273 1.166200 0.000000 0.000000 0.000000 1.000000
0.997973 0.032841 0.054507 0.000000 -0.023224 0.985426 -0.168513 7.722000 -0.059246 0.166905 0.984191 1.166200 0.000000 0.000000 0.000000 1.000000
0.998594 0.043718 0.029981 0.000000 -0.037824 0.983867 -0.174857 7.722000 -0.037141 0.173477 0.984137 1.166200 0.000000 0.000000 0.000000 1.000000
0.998594 0.052756 0.005247 0.000000 -0.050899 0.981698 -0.183514 7.722000 -0.014832 0.182989 0.983003 1.166200 0.000000 0.000000 0.000000 1.000000
0.998214 0.058551 -0.011887 0.000000 -0.059745 0.979207 -0.193868 7.722000 0.000289 0.194232 0.980956 1.166200 0.000000 0.000000 0.000000 1.000000
0.998278 0.057334 -0.012377 -0.000000 -0.058655 0.975801 -0.210646 7.722000 -0.000000 0.211009 0.977484 1.166200 0.000000 0.000000 0.000000 1.000000
0.998658 0.051493 -0.005555 0.000000 -0.051355 0.970628 -0.235042 7.722000 -0.006711 0.235012 0.971969 1.166200 0.000000 0.000000 0.000000 1.000000
0.998993 0.044705 -0.003686 0.000000 -0.044122 0.964506 -0.260349 7.722000 -0.008083 0.260250 0.965507 1.166200 0.000000 0.000000 0.000000 1.000000
0.999323 0.036430 -0.005131 0.000000 -0.036390 0.958330 -0.283335 7.722000 -0.005404 0.283330 0.959007 1.166200 0.000000 0.000000 0.000000 1.000000
0.999510 0.031119 0.003502 0.000000 -0.028544 0.951325 -0.306864 7.722000 -0.012881 0.306614 0.951747 1.166200 0.000000 0.000000 0.000000 1.000000
0.999090 0.039942 0.014979 -0.000000 -0.032948 0.945566 -0.323759 7.722000 -0.027095 0.322971 0.946021 1.166200 0.000000 0.000000 0.000000 1.000000
0.997435 0.066183 0.027268 -0.000000 -0.053777 0.944270 -0.324751 7.722000 -0.047241 0.322451 0.945406 1.166200 0.000000 0.000000 0.000000 1.000000
0.995001 0.092274 0.038179 0.000000 -0.075571 0.945695 -0.316150 7.722000 -0.065278 0.311684 0.947941 1.166200 0.000000 0.000000 0.000000 1.000000
0.993685 0.103334 0.043735 -0.000000 -0.083754 0.942427 -0.323754 7.722000 -0.074672 0.318047 0.945130 1.166200 0.000000 0.000000 0.000000 1.000000
0.994317 0.097614 0.042489 0.000000 -0.075607 0.928451 -0.363678 7.722000 -0.074949 0.358399 0.930555 1.166200 0.000000 0.000000 0.000000 1.000000
0.996521 0.076078 0.034038 0.000000 -0.055668 0.911498 -0.407520 7.722000 -0.062029 0.404207 0.912562 1.166200 0.000000 0.000000 0.000000 1.000000
0.998544 0.042016 0.033834 0.000000 -0.024711 0.913776 -0.405467 7.722000 -0.047953 0.404040 0.913483 1.166200 0.000000 0.000000 0.000000 1.000000
0.999392 0.012519 0.032526 0.000000 0.000151 0.931693 -0.363247 7.722000 -0.034852 0.363032 0.931125 1.166200 0.000000 0.000000 0.000000 1.000000
0.999890 -0.000336 -0.014833 0.000000 -0.004237 0.951643 -0.307177 7.722000 0.014219 0.307206 0.951537 1.166200 0.000000 0.000000 0.000000 1.000000
0.997755 -0.006457 -0.066663 0.000000 -0.011987 0.962053 -0.272598 7.722000 0.065894 0.272785 0.959816 1.166200 0.000000 0.000000 0.000000 1.000000
0.996303 -0.011396 -0.085155 0.000000 -0.011349 0.965021 -0.261927 7.722000 0.085161 0.261925 0.961323 1.166200 0.000000 0.000000 0.000000 1.000000
0.995004 0.001398 -0.099825 -0.000000 -0.025213 0.971008 -0.237715 7.722000 0.096598 0.239044 0.966192 1.166200 0.000000 0.000000 0.000000 1.000000
0.995675 0.017607 -0.091220 0.000000 -0.037546 0.974383 -0.221738 7.722000 0.084979 0.224204 0.970830 1.166200 0.000000 0.000000 0.000000 1.000000
0.996983 0.026650 -0.072904 0.000000 -0.042135 0.974603 -0.219939 7.722000 0.065191 0.222348 0.972786 1.166200 0.000000 0.000000 0.000000 1.000000
0.997831 0.029117 -0.059043 0.000000 -0.041992 0.972236 -0.230203 7.722000 0.050701 0.232183 0.971350 1.166200 0.000000 0.000000 0.000000 1.000000
0.998469 0.028843 -0.047195 0.000000 -0.039516 0.969022 -0.243794 7.722000 0.038701 0.245286 0.968678 1.166200 0.000000 0.000000 0.000000 1.000000
0.998840 0.030441 -0.037320 0.000000 -0.038917 0.966650 -0.253127 7.722000 0.028370 0.254286 0.966713 1.166200 0.000000 0.000000 0.000000 1.000000
0.999221 0.031949 -0.023188 0.000000 -0.036697 0.968248 -0.247282 7.722000 0.014551 0.247940 0.968666 1.166200 0.000000 0.000000 0.000000 1.000000
0.999459 0.031867 -0.008142 0.000000 -0.032886 0.972177 -0.231927 7.722000 0.000525 0.232070 0.972699 1.166200 0.000000 0.000000 0.000000 1.000000
0.999474 0.032178 0.004027 0.000000 -0.030578 0.976495 -0.213358 7.722000 -0.010797 0.213123 0.976966 1.166200 0.000000 0.000000 0.000000 1.000000
0.999450 0.031980 0.008754 0.000000 -0.029556 0.978951 -0.201946 7.722000 -0.015028 0.201577 0.979357 1.166200 0.000000 0.000000 0.000000 1.000000
0.999492 0.031122 0.006868 -0.000000 -0.029105 0.979112 -0.201226 7.722000 -0.012988 0.200924 0.979521 1.166200 0.000000 0.000000 0.000000 1.000000
0.999513 0.031149 0.002112 0.000000 -0.030042 0.977991 -0.206474 7.722000 -0.008497 0.206310 0.978450 1.166200 0.000000 0.000000 0.000000 1.000000
0.999373 0.035289 -0.002706 0.000000 -0.035060 0.976641 -0.211996 7.722000 -0.004838 0.211958 0.977267 1.166200 0.000000 0.000000 0.000000 1.000000
0.999127 0.041131 -0.007249 -0.000000 -0.041727 0.975676 -0.215211 7.722000 -0.001779 0.215325 0.976541 1.166200 0.000000 0.000000 0.000000 1.000000
0.998874 0.045856 -0.012174 -0.000000 -0.047410 0.974534 -0.219169 7.722000 0.001814 0.219499 0.975611 1.166200 0.000000 0.000000 0.000000 1.000000
0.998726 0.046697 -0.019146 -0.000000 -0.049824 0.972728 -0.226533 7.722000 0.008046 0.227199 0.973815 1.166200 0.000000 0.000000 0.000000 1.000000
0.998680 0.043567 -0.027216 0.000000 -0.048753 0.970787 -0.234939 7.722000 0.016185 0.235955 0.971629 1.166200 0.000000 0.000000 0.000000 1.000000
0.998744 0.036057 -0.034795 0.000000 -0.043465 0.968918 -0.243535 7.722000 0.024932 0.244742 0.969268 1.166200 0.000000 0.000000 0.000000 1.000000
0.998963 0.023895 -0.038748 0.000000 -0.032919 0.967092 -0.252290 7.722000 0.031444 0.253304 0.966876 1.166200 0.000000 0.000000 0.000000 1.000000
0.999280 0.011764 -0.036058 0.000000 -0.020770 0.965198 -0.260695 7.722000 0.031736 0.261257 0.964747 1.166200 0.000000 0.000000 0.000000 1.000000
0.999554 0.003320 -0.029680 0.000000 -0.011140 0.963523 -0.267395 7.722000 0.027710 0.267607 0.963130 1.166200 0.000000 0.000000 0.000000 1.000000
0.999758 -0.002173 -0.021906 -0.000000 -0.003854 0.962475 -0.271342 7.722000 0.021673 0.271360 0.962234 1.166200 0.000000 0.000000 0.000000 1.000000
0.999888 -0.006628 -0.013425 0.000000 0.002734 0.962423 -0.271542 7.722000 0.014720 0.271475 0.962333 1.166200 0.000000 0.000000 0.000000 1.000000
0.999929 -0.010939 -0.004822 0.000000 0.009255 0.963659 -0.266975 7.722000 0.007568 0.266912 0.963691 1.166200 0.000000 0.000000 0.000000 1.000000
0.999898 -0.014110 0.002195 0.000000 0.014199 0.966218 -0.257336 7.722000 0.001510 0.257341 0.966319 1.166200 0.000000 0.000000 0.000000 1.000000
0.999903 -0.013507 0.003406 0.000000 0.013930 0.968139 -0.250026 7.722000 0.000079 0.250049 0.968233 1.166200 0.000000 0.000000 0.000000 1.000000
0.999955 -0.009529 0.000014 0.000000 0.009240 0.969324 -0.245614 7.722000 0.002327 0.245603 0.969368 1.166200 0.000000 0.000000 0.000000 1.000000
0.999976 -0.002111 -0.006525 0.000000 0.000466 0.970167 -0.242437 7.722000 0.006842 0.242428 0.970145 1.166200 0.000000 0.000000 0.000000 1.000000
0.999888 0.008327 -0.012402 0.000000 -0.011058 0.970777 -0.239728 7.722000 0.010043 0.239838 0.970761 1.166200 0.000000 0.000000 0.000000 1.000000
0.999679 0.018312 -0.017496 -0.000000 -0.021943 0.971186 -0.237312 7.722000 0.012647 0.237620 0.971276 1.166200 0.000000 0.000000 0.000000 1.000000
0.999446 0.024375 -0.022665 0.000000 -0.029022 0.971584 -0.234911 7.722000 0.016295 0.235438 0.971753 1.166200 0.000000 0.000000 0.000000 1.000000
0.999332 0.023140 -0.028294 0.000000 -0.029086 0.972243 -0.232158 7.722000 0.022136 0.232826 0.972266 1.166200 0.000000 0.000000 0.000000 1.000000
0.999311 0.018791 -0.032017 0.000000 -0.025625 0.973169 -0.228662 7.722000 0.026861 0.229325 0.972979 1.166200 0.000000 0.000000 0.000000 1.000000
0.999367 0.013889 -0.032738 0.000000 -0.020885 0.974324 -0.224179 7.722000 0.028783 0.224721 0.973998 1.166200 0.000000 0.000000 0.000000 1.000000
0.999488 0.011206 -0.029962 0.000000 -0.017487 0.975696 -0.218429 7.722000 0.026786 0.218842 0.975393 1.166200 0.000000 0.000000 0.000000 1.000000
0.999565 0.010920 -0.027395 -0.000000 -0.016489 0.977101 -0.212136 7.722000 0.024451 0.212496 0.976856 1.166200 0.000000 0.000000 0.000000 1.000000
0.999590 0.011746 -0.026126 0.000000 -0.016876 0.978457 -0.205760 7.722000 0.023146 0.206116 0.978254 1.166200 0.000000 0.000000 0.000000 1.000000
0.999571 0.012615 -0.026449 0.000000 -0.017665 0.979554 -0.200403 7.722000 0.023380 0.200785 0.979356 1.166200 0.000000 0.000000 0.000000 1.000000
0.999537 0.013481 -0.027286 0.000000 -0.018612 0.980113 -0.197565 7.722000 0.024079 0.197982 0.979910 1.166200 0.000000 0.000000 0.000000 1.000000
0.999494 0.014355 -0.028387 0.000000 -0.019673 0.980211 -0.196977 7.722000 0.024997 0.197436 0.979997 1.166200 0.000000 0.000000 0.000000 1.000000
0.999445 0.015300 -0.029605 0.000000 -0.020876 0.979916 -0.198315 7.722000 0.025976 0.198823 0.979691 1.166200 0.000000 0.000000 0.000000 1.000000
0.999387 0.016472 -0.030885 -0.000000 -0.022360 0.979285 -0.201250 7.722000 0.026930 0.201817 0.979053 1.166200 0.000000 0.000000 0.000000 1.000000
0.999332 0.017729 -0.031954 0.000000 -0.023927 0.978372 -0.205463 7.722000 0.027620 0.206090 0.978143 1.166200 0.000000 0.000000 0.000000 1.000000
0.999293 0.018886 -0.032508 0.000000 -0.025310 0.977322 -0.210241 7.722000 0.027800 0.210915 0.977109 1.166200 0.000000 0.000000 0.000000 1.000000
0.999262 0.019741 -0.032962 0.000000 -0.026338 0.976570 -0.213581 7.722000 0.027974 0.214291 0.976369 1.166200 0.000000 0.000000 0.000000 1.000000
0.999228 0.020409 -0.033555 0.000000 -0.027173 0.976136 -0.215453 7.722000 0.028357 0.216199 0.975938 1.166200 0.000000 0.000000 0.000000 1.000000
0.999189 0.021043 -0.034341 -0.000000 -0.027980 0.975976 -0.216073 7.722000 0.028969 0.216859 0.975773 1.166200 0.000000 0.000000 0.000000 1.000000
0.999144 0.021627 -0.035274 0.000000 -0.028741 0.976044 -0.215665 7.722000 0.029765 0.216494 0.975830 1.166200 0.000000 0.000000 0.000000 1.000000
0.999096 0.022119 -0.036292 0.000000 -0.029404 0.976293 -0.214449 7.722000 0.030688 0.215322 0.976061 1.166200 0.000000 0.000000 0.000000 1.000000
0.999047 0.022536 -0.037375 0.000000 -0.029986 0.976670 -0.212644 7.722000 0.031711 0.213562 0.976415 1.166200 0.000000 0.000000 0.000000 1.000000
0.998997 0.022900 -0.038471 0.000000 -0.030503 0.977124 -0.210470 7.722000 0.032771 0.211433 0.976843 1.166200 0.000000 0.000000 0.000000 1.000000
0.998947 0.023230 -0.039552 0.000000 -0.030975 0.977607 -0.208148 7.722000 0.033831 0.209154 0.977297 1.166200 0.000000 0.000000 0.000000 1.000000
0.998897 0.023557 -0.040613 0.000000 -0.031437 0.978069 -0.205897 7.722000 0.034872 0.206947 0.977731 1.166200 0.000000 0.000000 0.000000 1.000000
0.998846 0.023910 -0.041650 0.000000 -0.031926 0.978463 -0.203937 7.722000 0.035877 0.205031 0.978098 1.166200 0.000000 0.000000 0.000000 1.000000
0.998794 0.024313 -0.042658 0.000000 -0.032473 0.978746 -0.202488 7.722000 0.036829 0.203629 0.978355 1.166200 0.000000 0.000000 0.000000 1.000000
0.998740 0.024790 -0.043633 0.000000 -0.033112 0.978873 -0.201771 7.722000 0.037709 0.202962 0.978460 1.166200 0.000000 0.000000 0.000000 1.000000</float_array>
        <technique_common>
          <accessor source="#mixamorig_Spine-Matrix-animation-output-transform-array" count="101" stride="16">
            <param type="float4x4"/>
          </accessor>
        </technique_common>
      </source>
      <source id="mixamorig_Spine-Interpolations">
        <Name_array id="mixamorig_Spine-Interpolations-array" count="101">
 LINEAR LINEAR LINEAR LINEAR LINEAR LINEAR LINEAR LINEAR LINEAR LINEAR LINEAR
LINEAR LINEAR LINEAR LINEAR LINEAR LINEAR LINEAR LINEAR LINEAR LINEAR LINEAR LINEAR
LINEAR LINEAR LINEAR LINEAR LINEAR LINEAR LINEAR LINEAR LINEAR LINEAR LINEAR LINEAR
LINEAR LINEAR LINEAR LINEAR LINEAR LINEAR LINEAR LINEAR LINEAR LINEAR LINEAR LINEAR
LINEAR LINEAR LINEAR LINEAR LINEAR LINEAR LINEAR LINEAR LINEAR LINEAR LINEAR LINEAR
LINEAR LINEAR LINEAR LINEAR LINEAR LINEAR LINEAR LINEAR LINEAR LINEAR LINEAR LINEAR
LINEAR LINEAR LINEAR LINEAR LINEAR LINEAR LINEAR LINEAR LINEAR LINEAR LINEAR LINEAR
LINEAR LINEAR LINEAR LINEAR LINEAR LINEAR LINEAR LINEAR LINEAR LINEAR LINEAR LINEAR
LINEAR LINEAR LINEAR LINEAR LINEAR LINEAR</Name_array>
        <technique_common>
          <accessor source="#mixamorig_Spine-Interpolations-array" count="101">
            <param type="name"/>
          </accessor>
        </technique_common>
      </source>
      <sampler id="mixamorig_Spine-Matrix-animation-transform">
        <input semantic="INPUT" source="#mixamorig_Spine-Matrix-animation-input"/>
        <input semantic="OUTPUT" source="#mixamorig_Spine-Matrix-animation-output-transform"/>
        <input semantic="INTERPOLATION" source="#mixamorig_Spine-Interpolations"/>
      </sampler>
      <channel source="#mixamorig_Spine-Matrix-animation-transform" target="mixamorig_Spine/matrix"/>
    </animation>
    <animation id="mixamorig_Spine1-anim" name="mixamorig_Spine1">
      <source id="mixamorig_Spine1-Matrix-animation-input">
        <float_array id="mixamorig_Spine1-Matrix-animation-input-array" count="101">

0.000000 0.033333 0.066667 0.100000 0.133333 0.166667 0.200000 0.233333 0.266667 0.300000 0.333333 0.366667 0.400000 0.433333 0.466667 0.500000
0.533333 0.566667 0.600000 0.633333 0.666667 0.700000 0.733333 0.766667 0.800000 0.833333 0.866667 0.900000 0.933333 0.966667 1.000000 1.033333
1.066667 1.100000 1.133333 1.166667 1.200000 1.233333 1.266667 1.300000 1.333333 1.366667 1.400000 1.433333 1.466667 1.500000 1.533333 1.566667
1.600000 1.633333 1.666667 1.700000 1.733333 1.766667 1.800000 1.833333 1.866667 1.900000 1.933333 1.966667 2.000000 2.033333 2.066667 2.100000
2.133333 2.166667 2.200000 2.233333 2.266667 2.300000 2.333333 2.366667 2.400000 2.433333 2.466667 2.500000 2.533333 2.566667 2.600000 2.633333
2.666667 2.700000 2.733333 2.766667 2.800000 2.833333 2.866667 2.900000 2.933333 2.966667 3.000000 3.033333 3.066667 3.100000 3.133333 3.166667
3.200000 3.233333 3.266667 3.300000 3.333333</float_array>
        <technique_common>
          <accessor source="#mixamorig_Spine1-Matrix-animation-input-array" count="101">
            <param name="TIME" type="float"/>
          </accessor>
        </technique_common>
      </source>
      <source id="mixamorig_Spine1-Matrix-animation-output-transform">
        <float_array id="mixamorig_Spine1-Matrix-animation-output-transform-array" count="1616">

0.999918 0.012809 0.000717 0.000000 -0.012607 0.991433 -0.130006 12.026700 -0.002376 0.129986 0.991513 0.000000 0.000000 0.000000 0.000000 1.000000
0.999920 0.012611 0.000973 0.000000 -0.012376 0.991336 -0.130763 12.026700 -0.002614 0.130740 0.991413 0.000000 0.000000 0.000000 0.000000 1.000000
0.999917 0.012701 0.002083 0.000000 -0.012318 0.991270 -0.131273 12.026700 -0.003733 0.131236 0.991344 0.000000 0.000000 0.000000 0.000000 1.000000
0.999909 0.012986 0.003569 -0.000000 -0.012405 0.991262 -0.131321 12.026700 -0.005243 0.131265 0.991334 0.000000 0.000000 0.000000 0.000000 1.000000
0.999898 0.013376 0.004949 0.000000 -0.012614 0.991343 -0.130693 12.026700 -0.006655 0.130617 0.991411 0.000000 0.000000 0.000000 0.000000 1.000000
0.999889 0.013773 0.005749 0.000000 -0.012916 0.991538 -0.129173 12.026700 -0.007479 0.129084 0.991605 0.000000 0.000000 0.000000 0.000000 1.000000
0.999886 0.014087 0.005491 0.000000 -0.013280 0.991872 -0.126543 12.026700 -0.007229 0.126455 0.991946 -0.000000 0.000000 0.000000 0.000000 1.000000
0.999888 0.014579 0.003299 0.000000 -0.014059 0.992204 -0.123830 12.026700 -0.005078 0.123770 0.992298 0.000000 0.000000 0.000000 0.000000 1.000000
